Sat.ElapsedDays           Sat.X                     Sat.Y                     Sat.Z                     Sat.VX                    Sat.VY                    Sat.VZ                    
0                         7000                      0                         0                         0                         6.881115465576718         2.983328669355911         
Sat.ElapsedDays           Sat.X                     Sat.Y                     Sat.Z                     Sat.VX                    Sat.VY                    Sat.VZ                    
0                         7000                      0                         0                         0                         6.881115465576718         2.983328669355911         
0.0001157407423306722     6999.592731137381         68.80982237661776         29.83270100392654         -0.08145301321014858      6.880715566680932         2.983153520505697         
0.002347379162529251      6833.11679398442          1384.475424944127         600.2279035678832         -1.639360918303716        6.717033117125069         2.911972508693186         
0.005819601381517714      5994.421629370854         3292.484650467387         1427.257154625009         -3.904660914139728        5.890847078899228         2.552797979353066         
0.009291823604144156      4529.913053508791         4856.508024984535         2104.758950978826         -5.775101504535029        4.441978103196933         1.923049759300609         
0.0127640458267706        2588.863670963593         5909.112477059292         2560.005435453745         -7.052240912428476        2.509324725940338         1.083272347515343         
0.01623626804939704       372.8020613292385         6332.827685752666         2742.044471101262         -7.589410426837698        0.2852618314529614        0.1172996253842881        
0.01970849027202348       -1882.887223398706        6074.243415922828         2627.834848850528         -7.310518057206216        -1.998421555308846        -0.8738998145320828       
0.02318071249464992       -3932.56269880956         5152.85919936394          2226.085562206292         -6.225332695830573        -4.091556753801029        -1.781422122167971        
0.02665293471727637       -5547.486474694434        3662.575274738967         1577.878464092448         -4.437174705071955        -5.753418032156991        -2.500583309171508        
0.03012515693990281       -6543.568406777818        1764.110353375258         753.3297443426194         -2.13839274752878         -6.784690873448141        -2.944866135425132        
0.03359737916252925       -6805.495625301239        -332.1152632299217        -155.9046480564396        0.4094471266397831        -7.057893601053568        -3.059167005242345        
0.03706960138151771       -6302.694132390204        -2391.05033948479         -1047.582005587286        2.909579027713401         -6.53871945445642         -2.829055445571829        
0.04054182360414416       -5093.681071356057        -4182.297204799931        -1821.645694939969        5.071998724702027         -5.292037220975601        -2.283321671026997        
0.0440140458267706        -3317.812984512856        -5508.592770796626        -2392.625171493534        6.653874737794616         -3.470683311921703        -1.489011284685637        
0.04748626804939704       -1176.285846121304        -6228.720777879239        -2699.585040752309        7.489586791023028         -1.290504714575245        -0.5404724162450123       
0.05095849027202348       1093.662583292748         -6271.729244942229        -2712.264775133359        7.505655045884169         1.001358275389144         0.4545220268652137        
0.05443071249464992       3246.753313684141         -5641.547819370648        -2433.022659032746        6.720930506844263         3.157690359790304         1.388403357503201         
0.05790293471727637       5055.976342512401         -4412.961981067298        -1895.010725133942        5.235931631382228         4.95706519845377          2.165070672074966         
0.06137515693990281       6334.671319203049         -2720.882114166796        -1157.434025407382        3.216043227087081         6.222616238720966         2.708037705254104         
0.06484737916252925       6953.123840574402         -745.0071635389884        -298.815574643466         0.8722317594403072        6.83414797262977          2.965661184180471         
0.06831960138151771       6849.283084578376         1308.305743728517         590.9400348557207         -1.558633376657933        6.73488656495687          2.914024825179419         
0.07179182360414416       6033.628639747222         3225.559406189547         1419.069782023132         -3.833061353282332        5.934168986954058         2.558049464629048         
0.0752640458267706        4588.30803896728          4805.943396390344         2098.590828416549         -5.71992044331526         4.506888845089754         1.931185748015868         
0.07873626804939704       2660.564329913301         5880.520114614464         2556.639152434969         -7.019602280673762        2.589698050256792         1.093685896653209         
0.08220849027202348       450.3572660280424         6329.677318959144         2742.029421767861         -7.58351866736719         0.3730222157292509        0.1290415550089933        
0.08568071249464992       -1807.808782750498        6097.36625518145          2631.388116932731         -7.332928392823058        -1.912651938496784        -0.8620813106934085       
0.08915293471727637       -3868.293577555377        5200.194883049066         2233.018103057999         -6.274437706604293        -4.017494917628013        -1.77095551433511         
0.09262515693990281       -5501.37616394344         3729.244665956368         1587.570273180136         -4.508035910403039        -5.69992466185836         -2.492873819577224        
0.09609737916252925       -6521.018838360245        1842.868691925276         764.7750924053208         -2.22307086765766         -6.758459562219894        -2.941033559905953        
0.09956960138151771       -6809.188944250647        -250.0467852190148        -143.971597969447         0.3209340538418459        -7.06229987408783         -3.059789508433518        
0.1030418236041442        -6332.190693488688        -2314.879173145929        -1036.499733300545        2.827793644281758         -6.573201383788383        -2.834029942609392        
0.1065140458267706        -5145.48559694798         -4120.476083488975        -1812.621355820264        5.006495566633939         -5.352203244002941        -2.291894301714086        
0.109986268049397         -3385.888112288359        -5467.771790181643        -2386.562531739228        6.611858496681057         -3.549081175011001        -1.499951697579362        
0.1134584902720235        -1252.89778900649         -6213.0047568678          -2696.979705510864        7.475074590278203         -1.377845549811446        -0.552337758381303        
0.1169307124946499        1016.942347608601         -6282.333462067119        -2713.182543810062        7.519282632692031         0.9148276502667592        0.4431133777270128        
0.1204029347172764        3178.077859639124         -5676.843047296484        -2437.148811513298        6.760319523552276         3.081015164615609         1.378586743713394         
0.1238751569399028        5002.411613694694         -4468.815481570458        -1901.735494425484        5.296325041945109         4.897788182824545         2.157676592826638         
0.1273473791625293        6301.58207336955          -2791.187108748442        -1165.942564209579        3.290963665125263         6.18629184386337          2.703607742550585         
0.1308196013815177        6943.753094449407         -822.3282007812352        -308.1702569110784        0.9541178770647826        6.824042580017824         2.964476983598316         
0.1342918236041442        6864.522530051821         1232.021628341695         581.7261455615249         -1.477791623370822        6.751842634717012         2.916139396198931         
0.1377640458267706        6071.973931787821         3158.256211608842         1410.969681337511         -3.761137968746661        5.976632627050048         2.563321481695807         
0.141236268049397         4645.9758814852           4754.753128407723         2092.507116053551         -5.664155494156821        4.571020393699916         1.939282773881979         
0.1447084902720235        2731.756775214303         5851.094967191963         2553.339436232827         -6.986091735892531        2.669495340771491         1.104026602844074         
0.1481807124946499        527.6996825917623         6325.570205496048         2742.059447488229         -7.576553325320059        0.4605508511644444        0.1407188037235249        
0.1516529347172764        -1732.611316927462        6119.523138297937         2634.970884150816         -7.354228730918909        -1.826710841088938        -0.8503017945781594       
0.1551251569399028        -3803.586363243708        5246.673848858384         2239.97155008041          -6.32254708808222         -3.942884642967287        -1.760508917543815        
0.1585973791625293        -5454.561055561008        3795.271165559429         1597.278831077772         -4.578133174999922        -5.645566118672411        -2.485172856911731        
0.1620696013815177        -6497.583446675597        1921.280132340924         776.2355863986396         -2.307321721974721        -6.731140129523669        -2.937204868801416        
0.1655418236041442        -6811.927484987152        -167.9827525645395        -132.0254823421944        0.2324491890060237        -7.06553770986499         -3.060424212057095        
0.1690140458267706        -6360.783239184802        -2238.369360804205        -1025.410370776001        2.745648777456711         -6.606588316104375        -2.839032014192848        
0.172486268049397         -5196.544992473422        -4058.015255369925        -1803.599918451384        4.940305068286295         -5.411476671539159        -2.300504717111585        
0.1759584902720235        -3453.462338830119        -5426.087274489009        -2380.514937080267        6.568920835905447         -3.626894664892594        -1.510934693023681        
0.1794307124946499        -1329.303487876621        -6196.304430914675        -2694.402182698432        7.459544906947826         -1.464968726830968        -0.564243468707585        
0.1829029347172764        940.1266050459627         -6291.940859819172        -2714.137487661365        7.531934627583657         0.8281734150568925        0.4316869171547507        
0.1863751569399028        3109.03036711175          -5711.220627810742        -2441.311441533418        6.79884647697218          3.003947092979169         1.368793958437168         
0.1898473791625293        4948.236498905443         -4523.903356698101        -1908.483996318603        5.355996648706317         4.837894671420514         2.150339793812735         
0.1933196013815177        6267.693158742908         -2860.942081932351        -1174.456011927323        3.365356793591113         6.149152856432987         2.699241873355059         
0.1967918236041442        6933.463388801114         -899.3654436483531        -317.5115385791181        1.035746012577743         6.812993731745913         2.963350540492997         
0.2002640458267706        6878.809477811597         1155.732901608066         572.542369723486          -1.396919389842139        6.767837607574182         2.91830778596378          
0.203736268049397         6109.413611910401         3090.668072570332         1402.914148930937         -3.688941461859821        6.018195722038882         2.56863184211289          
0.2072084902720235        4702.852361471114         4703.019928847931         2086.473258796405         -5.607900387231774        4.634335316930242         1.947371584463757         
0.2106807124946499        2802.341475673359         5820.899433201305         2550.077996148768         -6.951839868142322        2.748607657667451         1.114300051323902         
0.2141529347172764        604.6964775089302         6320.522175015688         2742.10240680565          -7.568589833667794        0.5476532205258498        0.1523029049146195        
0.2176251569399028        -1657.4343366697          6140.667664356983         2638.541213398661         -7.374388526565877        -1.740803705916584        -0.8385913727606102       
0.2210973791625293        -3738.559962774598        5292.194903888546         2246.898700862552         -6.369564373141439        -3.86788191946142         -1.750085010507095        
0.2245696013815177        -5407.127347043414        3860.513946663687         1606.960595916456         -4.647347907674989        -5.590454278857483        -2.477454534753715        
0.2280418236041442        -6473.309793790331        1999.175377171936         787.6790599946993         -2.391005336524405        -6.702808953541558        -2.933330204844472        
0.2315140458267706        -6813.714409947177        -86.1078406056405         -120.0799655526451        0.1441440348724348        -7.067630331057988        -3.060998522346451        
0.234986268049397         -6388.431574508739        -2161.703868116558        -1014.30397177803         2.663278110977182         -6.638847426477404        -2.843980441819552        
0.2384584902720235        -5246.782949623022        -3995.080787611747        -1794.548390437148        4.873534673754638         -5.46977800667467         -2.309082950555013        
0.2419307124946499        -3520.431585558245        -5383.673796052033        -2374.431175281917        6.525135707443307         -3.7039923231635          -1.521909305612781        
0.2454029347172764        -1405.385669634035        -6178.708397105022        -2691.789611079442        7.443006587077885         -1.551705992926427        -0.5761651993998697       
0.2488751569399028        863.3243964015096         -6300.590879603042        -2715.065574370897        7.543552678340629         0.7415452986936306        0.4202235991806846        
0.2523473791625293        3039.698833537721         -5744.682421078283        -2445.45928650205         6.836439837045748         2.926587996113246         1.358961420114972         
0.2558196013815177        4893.520647786141         -4578.200381904721        -1915.227603726948        5.414894914753309         4.777471103722381         2.142978218703004         
0.2592918236041442        6233.057865848188         -2930.094510349497        -1182.970137379004        3.439156498937981         6.111293134365231         2.694860609087366         
0.2627640458267706        6922.281827990683         -976.0417024525144        -326.8592524833194        1.117009701324293         6.801062004537074         2.962198483222645         
0.266236268049397         6892.138774878946         1079.524279839786         563.342242546677          -1.316111991647937        6.782860543997634         2.920437351142151         
0.2697084902720235        6145.924021476956         3022.869852290437         1394.830498780981         -3.616496044048618        6.058816025524473         2.573904921629739         
0.2731807124946499        4758.914404368866         4650.81016671483          2080.400842466383         -5.551140494085042        4.696825537087094         1.955425841119534         
0.2766529347172764        2872.29478619714          5790.001868883495         2546.765441056401         -6.916875344403413        2.827045224466348         1.12452053940725          
0.2801251569399028        681.3071803691751         6314.597428628521         2742.074248416567         -7.559701826122367        0.6342800931718577        0.1638089963062815        
0.2835973791625293        -1582.336636647146        6160.837032425152         2642.017278749415         -7.393441634036857        -1.655054289491408        -0.826948644972094        
0.2870696013815177        -3673.270886105006        5336.755915332193         2253.71909918438          -6.415442888462707        -3.792610552486678        -1.739670494066278        
0.2905418236041442        -5359.111509232319        3924.941641173739         1616.544022989472         -4.715605491904328        -5.534657989248086        -2.469671555663488        
0.2940140458267706        -6448.215057877677        2076.508786857633         799.0528243373109         -2.474071527062155        -6.673498844091895        -2.929333262014731        
0.297486268049397         -6814.555888752849        -4.476088290408143        -108.1618193931765        0.05604377024785534       -7.068603059789429        -3.061416932423881        
0.3009584902720235        -6415.137397830277        -2084.943720945346        -1003.176499227608        2.580685221039309         -6.670000177624875        -2.848767089821621        
0.3044307124946499        -5296.204008322446        -3931.740519985368        -1785.430490529909        4.806162820326408         -5.527133597874482        -2.317526125392984        
0.3079029347172764        -3586.808497119181        -5340.608852415546        -2368.247625915534        6.480475037046423         -3.780410816063066        -1.532798575072173        
0.3113751569399028        -1481.164184447908        -6160.304427349848        -2689.060201789248        7.425439130559343         -1.638085413584162        -0.5880591780271263       
0.3148473791625293        786.5091255445815         -6308.377236408118        -2715.877415674896        7.554109585645844         0.6549290280132893        0.4087286343185531        
0.3183196013815177        2970.047606872506         -5777.327824001663        -2449.508644203124        6.873071975038437         2.848909322530846         1.349044623200045         
0.3217918236041442        4838.225973558725         -4631.817908754491        -1921.903202895893        5.473039601776271         4.71647094242786          2.135502360593359         
0.3252640458267706        6197.654452558481         -2998.766501793235        -1191.451933256376        3.512448610866424         6.072697367957682         2.690358241962213         
0.328736268049397         6910.216374981332         -1052.473902784628        -336.2113925620427        1.198009482947132         6.788297139460142         2.960921173389584         
0.3322084902720235        6904.543988824568         1003.299839398702         554.0983972386408         -1.235301278561815        6.796992181266134         2.922429788313683         
0.3356807124946499        6181.556997619061         2954.788625534045         1386.661249634568         -3.543738627288667        6.098564127932456         2.579040049045116         
0.3391529347172764        4814.237947014551         4598.073193369303         2074.205009955804         -5.493776846537791        4.758578784591972         1.963370630871073         
0.3426251569399028        2941.723436980176         5758.387243818474         2543.303027902332         -6.881106635855247        2.904961025961928         1.134673696572478         
0.3460973791625293        757.6533447725618         6307.83354862643          2741.880690554543         -7.549892684208093        0.7206148678859514        0.1752754733624498        
0.3495696013815177        -1507.213653070275        6180.116027773183         2645.318773690525         -7.411487439656524        -1.569345575896393        -0.8153260993843348       
0.3530418236041442        -3607.647574468807        5380.461544243989         2260.364558035245         -6.460287359918739        -3.717050067502703        -1.72923220027426         
0.3565140458267706        -5310.466720809855        3988.658237928383         1625.970262646573         -4.782967021535357        -5.478188954858996        -2.461791296562268        
0.359986268049397         -6422.268972528925        2153.382993232039         810.3095190926769         -2.556579891257774        -6.643205896265331        -2.925170134644097        
0.3634584902720235        -6814.445035755976        77.01613282688423         -96.30448866626556        -0.0319495553528403       -7.068460456090516        -3.061632501452612        
0.3669307124946499        -6440.927671467333        -2007.992555714195        -992.0476996672559        2.497746937945716         -6.700093618984651        -2.853347318826491        
0.3704029347172764        -5344.872931448571        -3867.919735397296        -1776.252519246964        4.738063293139097         -5.583641080547735        -2.325789111679168        
0.3738751569399028        -3652.694068323225        -5296.854995086776        -2361.957505887089        6.434827622966769         -3.856301162785595        -1.543562087180191        
0.3773473791625293        -1556.767271351182        -6141.107291521972        -2686.196884751658        7.406777474117583         -1.724299392044492        -0.5998979175009909       
0.3808196013815177        709.5424427655339         -6315.373913042643        -2716.549648134879        7.563602346279075         0.568129144184401         0.3972169540934868        
0.3842918236041442        2899.944810445161         -5809.2863060918          -2453.433564428289        6.90878566270509          2.770737424790568         1.339044884608921         
0.3877640458267706        4782.239436861501         -4684.934986675896        -1928.487439182033        5.530516632388587         4.654735765616834         2.127892775649609         
0.391236268049397         6161.405731668324         -3067.181527272848        -1199.886593614964        3.585390895545194         6.03323399273856          2.68570006295401          
0.3947084902720235        6897.248610044411         -1128.914468840198        -345.5630297717609        1.278972992504874         6.774647464928739         2.959491425887565         
0.3981807124946499        6916.077553728518         926.8085709674665         544.810521845483          -1.154256428865945        6.810293287847341         2.924276589103549         
0.4016529347172764        6216.426223409403         2886.204624841987         1378.404325244544         -3.470496161777239        6.137577536998664         2.584029606142917         
0.4051251569399028        4868.980767263812         4544.635441232793         2067.879041028315         -5.43568129443108         4.819761824296736         1.971182299023178         
0.4085973791625293        3010.821566979465         5725.937331904927         2539.67633223596          -6.844418888688218        2.982564126223272         1.144737420110371         
0.4120696013815177        833.9572125267268         6300.185746649086         2741.505006033599         -7.539103818369156        0.8069380262852022        0.1867122708166915        
0.4155418236041442        -1431.844448261308        6198.549237856843         2648.436676800691         -7.428601740041677        -1.483379524409034        -0.8036872273077163       
0.4190140458267706        -3541.511870017869        5423.434093734781         2266.836200651617         -6.504293895923895        -3.640996666250271        -1.718745430299756        
0.422486268049397         -5261.078344643298        4051.826616287133         1635.243004479989         -4.849640999777034        -5.42097634563972         -2.453821390427538        
0.4259584902720235        -6395.411552964371        2229.969569721387         821.4470584351639         -2.638683985124821        -6.611929232059467        -2.920868655135767        
0.4294307124946499        -6813.362132976961        158.5380804091017         -84.51990011658002        -0.1199585397558132       -7.067215227856293        -3.061682863964351        
0.4329029347172764        -6465.819199051592        -1930.687392407871        -980.9426453108066        2.414341065206535         -6.729161273335459        -2.857771522029559        
0.4363751569399028        -5392.842126016922        -3803.47147512976         -1767.055999859766        4.669124408413494         -5.63937554073372         -2.333928620125414        
0.4398473791625293        -3718.170424159893        -5252.294496514125        -2355.6180184055          6.388108896725732         -3.931782867776961        -1.55424475372609         
0.4433196013815177        -1632.296979903395        -6121.041485168028        -2683.266968641919        7.386975816860885         -1.81050886216921         -0.6117028707763528       
0.4467918236041442        632.3164270309403         -6321.558008765994        -2717.151988222549        7.572039684019836         0.4809609672624512        0.3856944600656206        
0.4502640458267706        2829.293373064454         -5840.589448810119        -2457.297605279028        6.943641179636245         2.691899517309691         1.328997203975217         
0.453736268049397         4725.486346156354         -4737.630554487342        -1935.029723507709        5.587410342150733         4.592122421221381         2.120206609732859         
0.4572084902720235        6124.264241218419         -3135.458404778329        -1208.304872146816        3.658082486768151         5.992777977218606         2.680951336458895         
0.4606807124946499        6883.365745865671         -1205.517067909133        -354.9246954997894        1.360036075042806         6.760009923665908         2.957979999589306         
0.4641529347172764        6926.77350437315          849.8739720699286         535.4915466069491         -1.072806335608125        6.822722083642439         2.926065159637699         
0.4676251569399028        6250.615932424235         2816.941549036073         1370.101464744688         -3.396616165797936        6.175898332901364         2.588975225692085         
0.4710973791625293        4923.263663052008         4490.342092195329         2061.493618868068         -5.376764680198594        4.880467093124834         1.978945637856062         
0.4745696013815177        3079.729413845439         5692.527233002053         2535.974846176393         -6.806763350587078        3.059959493449473         1.154749931896812         
0.4780418236041442        910.3729123954735         6291.564471711939         2741.041580109077         -7.527289861672726        0.893388088270334         0.1981180763306624        
0.4815140458267706        -1356.065262346145        6216.098624308875         2651.462645724765         -7.444777994073814        -1.396950668744335        -0.7920452232037664       
0.484986268049397         -3474.713031916988        5465.70229485433          2273.22089130504          -6.547562764066704        -3.564226934083576        -1.708231286889925        
0.4884584902720235        -5210.840783432303        4114.531795146589         1644.439093070238         -4.915814524547483        -5.362883386989579        -2.445810608907046        
0.4919307124946499        -6367.593090503805        2306.375852611925         832.5226713368936         -2.720550854827928        -6.579652201429582        -2.916508731327647        
0.4954029347172764        -6811.294940009997        240.1918491207949         -72.77702739932659        -0.2080633316075778       -7.064904257800711        -3.061659225009302        
0.4988751569399028        -6489.813012480939        -1852.936020168171        -969.8576379743304        2.330451096124262         -6.757225675763148        -2.862130499228124        
0.5023473791625293        -5440.113613408914        -3738.306281751717        -1757.864780798017        4.599351415105248         -5.694334639081157        -2.342037930290984        
0.5058196013815177        -3783.23671494611         -5206.835269849238        -2349.2808711636          6.340332113521078         -4.006843025047987        -1.564936577359753        
0.5092918236041442        -1707.747694527565        -6100.010934029081        -2680.346318198748        7.366052013767548         -1.896701900107967        -0.6235415946322466       
0.5127640458267706        554.8423851753671         -6326.831244409602        -2717.774939452975        7.579441718649643         0.3934262657008072        0.3741332181695115        
0.516236268049397         2758.111012488324         -5871.139936500401        -2461.192614707848        6.977660467049028         2.612389049378561         1.318921050182333         
0.5197084902720235        4667.989789882806         -4789.809095244917        -1941.609164391126        5.643730733778535         4.528626536676374         2.112507681605728         
0.5231807124946499        6086.251328231873         -3203.503183866135        -1216.762039463521        3.730499280192014         5.951319557868565         2.676203383194173         
0.5266529347172764        6868.576916791568         -1282.194908973655        -364.3229502029816        1.441145881227887         6.744342361292818         2.956484091281799         
0.5301251569399028        6936.625381774564         772.5639429699427         526.143839939048          -0.990995620312786        6.83419715543457          2.927891868280808         
0.5335973791625293        6284.11052171417          2747.040367230248         1361.784941069601         -3.322115801647412        6.213434299784378         2.593981489299737         
0.5370696013815177        4977.067329882417         4435.207949619768         2055.113754030002         -5.317040102770203        4.940612552275987         1.986771685289817         
0.5405418236041442        3148.421715276421         5658.146892530018         2532.294546151666         -6.768165073706899        3.137059138951961         1.164800539507126         
0.5440140458267706        986.8698622561906         6281.930729491721         2740.605924446805         -7.514452379076375        0.9798632744759643        0.2095309984741932        
0.547486268049397         -1279.898482436708        6232.698169326513         2654.515760736556         -7.459959418250088        -1.310125521853363        -0.7804112100427906       
0.5509584902720235        -3407.25180902302         5507.193136586856         2279.629970597828         -6.590019629248925        -3.486717034368929        -1.697726576334862        
0.5544307124946499        -5159.73987173643         4176.719124801844         1653.656585788968         -4.981471532138573        -5.303824356892018        -2.437810824314152        
0.5579029347172764        -6338.804758085758        2382.570907256354         843.6161465329831         -2.802223224366417        -6.546316020731284        -2.912160348845995        
0.5613751569399028        -6808.246692031746        321.9543988316426         -61.01874905421528        -0.2962876036484949       -7.061531081561484        -3.061639209748869        
0.5648473791625293        -6512.909346220761        -1774.766057702476        -958.7571220960367        2.246122058213613         -6.78430165366656         -2.866487357131857        
0.5683196013815177        -5486.666510505468        -3672.44991445568         -1748.659084668112        4.528831462468143         -5.748484828164699        -2.350160544826123        
0.5717918236041442        -3847.846024246408        -5160.48376583555         -2342.938266574001        6.291576896422426         -4.081388437388825        -1.575676978077709        
0.5752640458267706        -1783.053263096395        -6077.987779717779        -2677.4400090101          7.344052785732529         -1.982747635099019        -0.6354609577291722       
0.578736268049397         477.1949886213277         -6331.124294141479        -2718.438188633104        7.585819010876012         0.3056664485054913        0.3624849330460977        
0.5822084902720235        2686.470757817425         -5900.82708063936         -2465.150998942607        7.010822966809089         2.532338052446268         1.308782716943172         
0.5856807124946499        4609.812300713595         -4841.322800107939        -1948.264330265451        5.699427681879602         4.464363067573376         2.104789928460312         
0.5891529347172764        6047.408860458413         -3271.136655130107        -1225.294168486517        3.802551230788495         5.90895131433631          2.671477364095754         
0.5926251569399028        6852.889725264352         -1358.746709046722        -373.7853362158226        1.522164567522244         6.727694493620034         2.955035883683494         
0.5960973791625293        6945.594529839304         695.0845935915539         516.7487488600862         -0.9089882599172753       6.844697369061445         2.929781818732276         
0.5995696013815177        6316.823915546382         2676.689225696865         1353.442252727715         -3.247139827682406        6.250089190957533         2.599066222974715         
0.6030418236041442        5030.26902843897          4379.384066231672         2048.733311495076         -5.256606111767171        5.000052293449727         1.994688221258751         
0.6065140458267706        3216.752331124327         5622.899045839026         2528.640650307647         -6.728684060023277        3.213688002844517         1.174936798010223         
0.609986268049397         1063.288971936613         6271.330159408049         2740.218932710279         -7.500614968741639        1.06615723870003          0.2210039848925758        
0.6134584902720235        -1203.500951749786        6248.328126242405         2657.630662041682         -7.474100532800019        -1.223126889615361        -0.7687492635694423       
0.6169307124946499        -3339.257696962539        5547.825321399885         2286.105390450518         -6.631529452446775        -3.408640711401277        -1.687217523687595        
0.6204029347172764        -5107.856685378288        4238.271526220246         1662.939389844436         -5.046438575774796        -5.243858128864065        -2.429821280893078        
0.6238751569399028        -6309.080981109266        2458.436681289914         854.7702132818744         -2.883575297063914        -6.511878498111299        -2.907832435904263        
0.6273473791625293        -6804.225640759819        403.7255611732722         -49.20666206661261        -0.3845792069330003       -7.057032635401676        -3.061642104952986        
0.6308196013815177        -6535.10613444497         -1696.263119862724        -947.6086632417291        2.161381191694581         -6.810357628002426        -2.870859191984222        
0.6342918236041442        -5532.488043479445        -3605.981444981153        -1739.408686849068        4.457611726057986         -5.801806603016885        -2.358291665071256        
0.6377640458267706        -3911.969205393293        -5113.30939037813         -2336.554795798486        6.241899433959586         -4.155368760494953        -1.586438576548704        
0.641236268049397         -1858.171149296345        -6055.019851067147        -2674.503989069612        7.321005717062667         -2.068554432607517        -0.6474360999208196       
0.6447084902720235        399.4183469184036         -6334.454076372907        -2719.094324304943        7.591154949804233         0.2177907601505865        0.3507437297396491        
0.6481807124946499        2614.406922163842         -5929.635860756557        -2469.132928171495        7.043084311856193         2.451847214678652         1.298538701120173         
0.6516529347172764        4550.973796906592         -4892.128803313582        -1954.972124376769        5.754452342253096         4.399417627851133         2.096989424075377         
0.6551251569399028        6007.742199986032         -3338.291574996428        -1233.897341063064        3.874188567688296         5.86575147226905          2.666712607091764         
0.6585973791625293        6836.292506583086         -1435.082623309756        -383.3241626328426        1.603025252956833         6.710137170322657         2.953587769104175         
0.6620696013815177        6953.64511458468          617.5438116544131         507.2807333108245         -0.8268781009590231       6.854268172657416         2.931692131118698         
0.6655418236041442        6348.689865521989         2606.003136918198         1345.034201278824         -3.171792337418669        6.285862922966508         2.604180374649663         
0.6690140458267706        5082.773581925498         4322.978221893482         2042.297801724679         -5.195547154781849        5.058739946559762         2.002644826329459         
0.672486268049397         3284.60563131957          5586.872381319876         2524.945790120944         -6.688372390092374        3.289767353969529         1.185126984846602         
0.6759584902720235        1139.502939759362         6259.823684321953         2739.80875999036          -7.485804816023426        1.152162529493363         0.2325402117861868        
0.6794307124946499        -1127.004341571513        6263.011659865101         2660.741606361141         -7.48720024739353         -1.136100058253169        -0.7570238604983206       
0.6829029347172764        -3270.854332189026        5587.573800940977         2292.595002461735         -6.672034249172159        -3.330168073666708        -1.676651836442773        
0.6863751569399028        -5055.286329173568        4299.115975191788         1672.251734576061         -5.110584864718043        -5.183122381144885        -2.421786851517008        
0.6898473791625293        -6278.471075123574        2533.871923194393         865.9649345426            -2.964444216967542        -6.476383476145534        -2.903475949672385        
0.6933196013815177        -6799.23701523093         485.4060226289855         -37.34802111284446        -0.4728186896924445       -7.051359004128837        -3.061633894905814        
0.6967918236041442        -6556.384869345968        -1617.505432319302        -936.4122953367929        2.076267319872033         -6.835316417852107        -2.875231562604465        
0.7002640458267706        -5577.556710160345        -3538.96047542611         -1730.111009863547        4.385682711693259         -5.854259206198527        -2.366424851348502        
0.703736268049397         -3975.588104013243        -5065.366096888197        -2330.12417300218         6.191292854003837         -4.228782389265819        -1.597199364211628        
0.7072084902720235        -1933.083286896736        -6031.16181112686         -2671.521380607319        7.296913787403498         -2.154122528059269        -0.6594192196455095       
0.7106807124946499        321.5292480544987         -6336.872946445232        -2719.710528703196        7.595433137126355         0.1298139374110386        0.3389623153539124        
0.7141529347172764        2541.92671276825          -5957.614243878075        -2473.093650071089        7.074399356403863         2.370926438550767         1.288210454015271         
0.7176251569399028        4491.467323410299         -4942.275342427666        -1961.688628805826        5.808762648461964         4.333778252717199         2.089079181004917         
0.7210973791625293        5967.236862285658         -3405.021412745134        -1242.541353874548        3.945406180346589         5.821702136961289         2.661849333115486         
0.7245696013815177        6818.774747081999         -1511.258528018626        -392.9283932293213        1.683755333423877         6.691676120318967         2.952075981221369         
0.7280418236041442        6960.775699646861         539.8923463425823         497.7332172341742         -0.7446375490471177       6.862946665482335         2.933569677004101         
0.7315140458267706        6379.712278500498         2534.946684047666         1336.539362949188         -3.096066383575221        6.320807032975605         2.609276261850563         
0.734986268049397         5134.584300886881         4265.97043491447          2035.771058669831         -5.133872032446629        5.116725449182233         2.01059002380237          
0.7384584902720235        3351.981322890324         5550.061265741249         2521.157834797439         -6.64724451137885         3.365343090858989         1.195317596086226         
0.7419307124946499        1215.506144456303         6247.418546460159         2739.308480664171         -7.470044198904861        1.237917261991021         0.2440972098626976        
0.7454029347172764        -1050.422806363837        6276.764055743161         2663.772493073638         -7.49929283529769         -1.049033727376315        -0.7452516476527215       
0.7488751569399028        -3202.066578628112        5626.450281422855         2299.022611864834         -6.711567052947317        -3.251336762008258        -1.666013316500979        
0.7523473791625293        -5002.059592898127        4359.245315325179         1681.526691587456         -5.173911195705752        -5.12170172352561         -2.413663861479668        
0.7558196013815177        -6246.997759539003        2608.841633299905         877.1487957521072         -3.044773530515356        -6.439922588808845        -2.899034668643298        
0.7592918236041442        -6793.278979983504        566.939619171231          -25.47768763504916        -0.5609051204236039       -7.04455103927494         -3.061562322530518        
0.7627640458267706        -6576.713355331942        -1538.549905071423        -925.1895343249192        1.990871295715301         -6.859143453980529        -2.879569711166812        
0.766236268049397         -5621.821041478074        -3471.426598611614        -1720.780881456113        4.313078638079788         -5.905772735071814        -2.374550643492219        
0.7697084902720235        -4038.648466785525        -5016.675377039237        -2323.661426907323        6.139748963813611         -4.301586346461833        -1.607966780869026        
0.7731807124946499        -2007.738003747775        -6006.42868238306         -2668.508491875955        7.271774451358285         -2.239448123152694        -0.6714057391074648       
0.7766529347172764        243.5811706413711         -6338.396244147772        -2720.296459373528        7.59866398965758          0.04173640777349863       0.3271822165296852        
0.7801251569399028        2469.083889107331         -5984.775433834793        -2477.025677421603        7.104752852527088         2.289587446604726         1.277865488730298         
0.7835973791625293        4431.335737568817         -4991.773988441775        -1968.387166945869        5.8623042585288           4.267437598261678         2.081112625151345         
0.7870696013815177        5925.918587920996         -3471.346121868558        -1251.189508935668        4.016154207379038         5.776755096533562         2.65689934862767          
0.7905418236041442        6800.354214257834         -1587.312104303777        -402.5633050909909        1.764355507432308         6.672249045714742         2.950479518503498         
0.7940140458267706        6967.011767466015         462.0773791400244         488.1330112452819         -0.6622212352539999       6.870699640327614         2.935386592466489         
0.797486268049397         6409.932065505245         2463.463378927769         1327.977037959108         -3.019910639891201        6.354928861486764         2.614331998717653         
0.8009584902720235        5185.755310122003         4208.310562513539         2029.166193455868         -5.071544847314568        5.17404090087969          2.018502868691766         
0.8044307124946499        3418.942219524141         5512.427643381962         2517.282705522669         -6.605277597443672        3.440463884932649         1.205480818980411         
0.8079029347172764        1291.366167951138         6234.094200918346         2738.714384648124         -7.453325907714581        1.323489500919953         0.255638868339244         
0.8113751569399028        -973.6905302846559        6289.586967422738         2666.708008357062         -7.51039896192535         -0.9618518594992451       -0.7334726542490646       
0.8148473791625293        -3132.83930378703         5664.476818805841         2305.361608443229         -6.750176751874868        -3.172092042602475        -1.655334761657243        
0.8183196013815177        -4948.138228210481        4418.691470095822         1690.730860803675         -5.236477470652657        -5.059588020268532        -2.405462502562155        
0.8217918236041442        -6214.639236810523        2683.37198835321          888.2897150221202         -3.124608000258021        -6.402541649617358        -2.894490037536174        
0.8252640458267706        -6786.336855007599        648.3327627996844         -13.61894194198828        -0.6488360119225487       -7.036688225467189        -3.061389699364238        
0.828736268049397         -6596.066724115327        -1459.412448496311        -913.9512813623458        1.905256999383624         -6.881897232889298        -2.883830893329514        
0.8322084902720235        -5665.232000954818        -3403.403268909392        -1711.417138452538        4.239886229695695         -5.956334999912312        -2.382633581266041        
0.8356807124946499        -4101.079564139272        -4967.247460815912        -2317.157670966009        6.087318880825171         -4.373713288297455        -1.618727037195827        
0.8391529347172764        -2082.055809752952        -5980.809745056348        -2665.456280412594        7.245600633036847         -2.324467410040898        -0.6834066151028344       
0.8426251569399028        165.6571732504366         -6338.997625350983        -2720.847095931644        7.600864223659174         -0.04639835770651779      0.3153940172748619        
0.8460973791625293        2395.967977459962         -6011.079013511568        -2480.92200863135         7.134164951139611         2.207886100674964         1.267530208966657         
0.8495696013815177        4370.668586080982         -5040.564456910543        -1975.047012235225        5.915048466409054         4.200467088629574         2.073150533579266         
0.8530418236041442        5883.857880735286         -3537.187908721421        -1259.802422658179        4.086338722501823         5.730945568437561         2.651918799559571         
0.8565140458267706        6781.070294657318         -1663.165715266938        -412.1777394447252        1.844725632163545         6.65181924071074          2.948818491780152         
0.859986268049397         6972.370423759817         384.1579602892111         478.5322293307526         -0.5796714111688093       6.87744939369437          2.937132749200306         
0.8634584902720235        6439.363191265737         2391.589903607677         1319.394817911913         -2.943308982786705        6.388163905071966         2.619331078183769         
0.8669307124946499        5236.309361547396         4150.020602914579         2022.526519032553         -5.008528923086612        5.230652051704704         2.026371528431354         
0.8704029347172764        3485.522560826809         5473.986432923567         2513.360466290189         -6.562431954031823        3.515115446304952         1.215605865053693         
0.8738751569399028        1367.129849592498         6219.864524652497         2738.062934166018         -7.43560613715302         1.408889100904333         0.2671516601869708        
0.8773473791625293        -896.7485707487111        6301.502615530353         2669.579887272549         -7.520486083389024        -0.874508082288167        -0.7217054972085674       
0.8808196013815177        -3063.108613360238        5701.693782703711         2311.636837433447         -6.787865406664464        -3.092363948337449        -1.644643881944909        
0.8842918236041442        -4893.464631473853        4477.515406004466         1699.879801787493         -5.298321929528053        -4.996718886209825        -2.397214826385089        
0.8877640458267706        -6181.353378716404        2757.538443131499         899.395129295307          -3.204010870737498        -6.364209707343269        -2.889861054400751        
0.891236268049397         -6778.389754724894        729.6630161178442         -1.766488687531911        -0.7366861360089383       -7.027790566282565        -3.061111047916084        
0.8947084902720235        -6614.443951759983        -1380.030214512934        -902.6877080801249        1.819375057356805         -6.903652990835447        -2.887991368965774        
0.8981807124946499        -5707.794196323096        -3334.853308452338        -1702.000905958342        4.166119907880336         -6.006029995743899        -2.390637756372625        
0.9016529347172764        -4162.874172094165        -4917.06302501329         -2310.582156265367        6.034057159006484         -4.44519089407724         -1.629439052238738        
0.9051251569399028        -2156.015140412567        -5954.284441962974        -2662.323395896722        7.218425536013496         -2.409151440642975        -0.6953966537193479       
0.9085973791625293        87.78386996057516         -6338.646074060318        -2721.318457640597        7.60204011400098          -0.1345574231145951       0.3035896259256863        
0.9120696013815177        2322.609120628437         -6036.485794343727        -2484.74422932914         7.162658813162521         2.125848360340314         1.257181809019844         
0.9155418236041442        4309.505858275608         -5088.595846453874        -1981.633838179556        5.967029647821906         4.132924900992971         2.065193573985009         
0.9190140458267706        5841.098532254376         -3602.472623343833        -1268.340529732805        4.155939893131804         5.684363390028888         2.646938991193591         
0.922486268049397         6760.948615095825         -1738.72155436024         -421.7220166904848        1.924768939300185         6.630441828178993         2.94712240060992          
0.9259584902720235        6976.844352556612         306.2363889073769         468.985291952711          -0.4970956826420535       6.883169528516529         2.938808598204378         
0.9294307124946499        6467.974359574367         2319.411709740795         1310.843593689223         -2.866306665369413        6.420436834877997         2.624253376977545         
0.9329029347172764        5286.2119223946           4091.163961829758         2015.896829890921         -4.944806335974092        5.28649477344189          2.034178534847471         
0.9363751569399028        3551.697489981435         5434.786245445738         2509.432236500838         -6.51866682189735         3.589262003635273         1.225685245892415         
0.9398473791625293        1442.785631021625         6204.770127796203         2737.393802867649         -7.416836661090875        1.494097467584087         0.2786325243867215        
0.9433196013815177        -819.5925632227095        6312.549388891725         2672.427188900863         -7.529497511924893        -0.7869951575094523       -0.709951327646359        
0.9467918236041442        -2992.854383190666        5738.147798246614         2317.886898913336         -6.82459021821886         -3.012104395237044        -1.633944092796523        
0.9502640458267706        -4838.011525304441        4535.782723107522         1709.009302531829         -5.359441840755695        -4.933020875765792        -2.388937961949215        
0.953736268049397         -6147.118159908399        2831.428740003285         910.4931669513144         -3.283018139373579        -6.324856349493835        -2.885180125714427        
0.9572084902720235        -6769.431488688324        811.036504226076          10.09768103481604         -0.8245255746459648       -7.01780914207705         -3.060758410800043        
0.9606807124946499        -6631.865126568282        -1300.289109694011        -891.3887860985456        1.733122837711253         -6.924412897070233        -2.892071857544429        
0.9641529347172764        -5749.558808416585        -3265.674676239801        -1692.526748863724        4.09168574540753          -6.054936026550581        -2.398573057663186        
0.9676251569399028        -4224.10276261624         -4866.051031555444        -2303.930151736094        5.979934507387672         -4.516135407236215        -1.640095840588058        
0.9710973791625293        -2229.686136007545        -5926.81289667759         -2659.099645132878        7.190271569560405         -2.493582817859695        -0.7073475133395402       
0.9745696013815177        9.897940024173622         -6337.319293422715        -2721.691026735927        7.602207399972468         -0.2227810947369199       0.2917973556972677        
0.9780418236041442        2248.946631850432         -6060.984895063239        -2488.468034641871        7.190243204854351         2.043432470677609         1.246821653392962         
0.9815140458267706        4247.794798722583         -5135.870591027338        -1988.126273524967        6.018297929913403         4.064771213741233         2.0572260724108           
0.984986268049397         5797.608829399926         -3667.207404845493        -1276.785142919519        4.22503773295839          5.637025070082822         2.641962890471271         
0.9884584902720235        6739.975835215937         -1813.971550411077        -431.1720267349141        2.0045142003639           6.608194411479222         2.945421969210532         
0.9919307124946499        6980.415207778674         228.3442967056001         459.5261985430674         -0.4145532443425226       6.887924802808694         2.940443229561649         
0.9954029347172764        6495.723291877799         2246.969648252465         1302.362386911555         -2.788988724147723        6.45174161782184          2.629102110263504         
0.9988751569399028        5335.401405499836         4031.771568826044         2009.314202392493         -4.880413682628683        5.341519001042284         2.041911653879061         
0.999999999992724         4832.447936798297         4527.631319785431         2196.245857606639         -5.460547043561227        4.85315515029226          1.801293787634306         
Sat.ElapsedDays           Sat.X                     Sat.Y                     Sat.Z                     Sat.VX                    Sat.VY                    Sat.VZ                    
0.999999999992724         4832.447936798297         4527.631319785431         2196.245857606639         -5.460547043561227        4.85315515029226          1.801293787634306         
