Sat.ElapsedDays           Sat.X                     Sat.Y                     Sat.Z                     
0                         7000                      0                         0                         
Sat.ElapsedDays           Sat.X                     Sat.Y                     Sat.Z                     
0                         7000                      0                         0                         
0.0006944444430700969     6985.343085569371         449.685968049899          -0.0001969759745284258    
0.002051845418463927      6872.376013122033         1321.505806603226         -0.001646483190019843     
0.003514882908348227      6627.605443981953         2237.101333608314         -0.004564635614556014     
0.00498961731500458       6256.100565113802         3117.845838684193         -0.008602870350000871     
0.006464378791861236      5766.067373121692         3939.533455967371         -0.01338819928353725      
0.007937356112961425      5167.273793238067         4685.514436078257         -0.01857752613965666      
0.009407905672560446      4471.430674446412         5341.371044136804         -0.02387973728947146      
0.01087555971753318       3692.100815916179         5894.571515733293         -0.02907267663694307      
0.01233992351626512       2844.438400024123         6334.648226233549         -0.03400877585636761      
0.0138006702545681        1944.874044567213         6653.388464570822         -0.03860821059574511      
0.0152575443207752        1010.774420626687         6844.979872924472         -0.04284150328125071      
0.01671036245897994       60.08877144321318         6906.103645112198         -0.04670525311511572      
0.01815901867303182       -889.0133957600252        6835.975065342866         -0.05019571658563134      
0.01960348644570331       -1818.501110172601        6636.330274428376         -0.05328519357063536      
0.02104381965182256       -2710.829955547903        6311.361992305544         -0.05590567731762916      
0.02248014511496876       -3549.268023011581        5867.610176234604         -0.05794295201068791      
0.023912666754768         -4318.206220209399        5313.807412025832         -0.05924255364587461      
0.02534166030091001       -5003.434148856245        4660.687548996535         -0.05962684062445291      
0.02676746513679973       -5592.382711974014        3920.763962029609         -0.05892047669717112      
0.02819047944649355       -6074.333641499646        3108.079975933238         -0.05698001780960808      
0.02961115082871402       -6440.590316930186        2237.940361042614         -0.05372240930282463      
0.03102997029418475       -6684.611904503591        1326.625251962978         -0.04914719938087748      
0.03244746000564191       -6802.107768119899        391.0971579200357         -0.0433482078126388       
0.03386416679495596       -6791.095284988217        -551.3015930161237        -0.03651201651301503      
0.03528064936836017       -6651.919592654028        -1483.149147967928        -0.02890287891636426      
0.03669746976083843       -6387.237481983119        -2387.245134451621        -0.02083585285471769      
0.03811518444490503       -6001.965185131897        -3246.905711010147        -0.01264202570184684      
0.03953433277274598       -5503.192342008981        -4046.247808311332        -0.004631099895981964     
0.0409554289362859        -4900.062013110245        -4770.463139282942        0.002942907829183708      
0.04237895274127368       -4203.618765704987        -5406.075647493866        0.009907441414660973      
0.04380534164738492       -3426.625693900527        -5941.180427929927        0.01618455521614794       
0.04523497780610342       -2583.35560898667         -6365.658749717688        0.02178922821447211       
0.04666818668192718       -1689.349065624091        -6671.371856558873        0.02681299127500066       
0.04810522429033881       -761.1541711322047        -6852.321746336685        0.03139508408543192       
0.04954627982078819       183.9647773555877         -6904.782487424635        0.03568544140873763       
0.05099146534121246       1128.328718075406         -6827.392356357906        0.03980485039838964       
0.05244081915225252       2054.167819088795         -6621.207237789452        0.04380825783886113       
0.05389429692149861       2943.9464265792           -6289.711715475265        0.04765664588237387       
0.05535177979618311       3780.701994668098         -5838.78325421461         0.05120190591097278       
0.05681307585473405       4548.375704729822         -5276.60900967023         0.05418725609858857       
0.05827791985575459       5232.131766380687         -4613.55696292005         0.05626377256090254       
0.05974597926979186       5818.662643582389         -3861.998910863042        0.05702149730594425       
0.06121686082769884       6296.468998827182         -3036.088334849802        0.05603165900872514       
0.06269011708718608       6656.107114368747         -2151.497201658128        0.05289512467335469       
0.06416525038002874       6890.397301810887         -1225.118275471716        0.04729140160002786       
0.06564172992875683       6994.58989630305          -274.7287686251713        0.03902231509648556       
0.06711898786670645       6966.478257366498         681.3564512819275         0.02804525772868054       
0.06859644392170594       6806.460771950961         1624.665670231257         0.01449175978652328       
0.07007350814819802       6517.543968037206         2536.944207312069         -0.001330694421050425     
0.07154959637773572       6105.288191901518         3400.534216161828         -0.01895413614259665      
0.07302414427977055       5577.694683200966         4198.741572159047         -0.03778110567197017      
0.07449661486316472       4945.03991727335          4916.177870617306         -0.0571275408766037       
0.07596651371568441       4219.656840589586         5539.077051318115         -0.07627280630732501      
0.07743339807711891       3415.673025210237         6055.57081688416          -0.0945109739808514       
0.07889688374416437       2548.712592887579         6455.919684870491         -0.1111976446574032       
0.08035666056821356       1635.563136542602         6732.697023772273         -0.1257873776339833       
0.08181248843538924       693.8331178410118         6880.915126711348         -0.1378577442677995       
0.0832642061104707        -258.41006970197          6898.101718546902         -0.1471186178610672       
0.08471173201905913       -1203.000622305607        6784.320759534373         -0.1534068029825714       
0.08615506386922789       -2122.029099843662        6542.141657706727         -0.1566684941238359       
0.08759428119083168       -2998.186575966083        6176.558315663788         -0.1569336289223427       
0.08902953499637078       -3815.081686290274        5694.86533584405          -0.1542872174163048       
0.09046105196466669       -4557.542047212516        5106.490127934317         -0.1488429832073491       
0.09188912689933204       -5211.878787393126        4422.791289304756         -0.1407239174765459       
0.09331411327366368       -5766.118000133544        3656.828617584574         -0.1300530129096855       
0.09473642589364317       -6210.201406625186        2823.101693547855         -0.1169552657954535       
0.09615652551292442       -6536.141673615483        1937.278076775546         -0.1015701723244772       
0.0975749092795013        -6738.14372830893         1015.905447370735         -0.08407160283928232      
0.09899210902585764       -6812.688492273574        76.10914136262295         -0.06469044255116307      
0.1004086765715329        -6758.575764624188        -864.7066158824204        -0.04373503763175943      
0.1018251711975608        -6576.932310435568        -1789.158929399976        -0.0216043152875894       
0.1032421554591565        -6271.18301127679         -2680.188699902539        0.001210435998772418      
0.1046601825328253        -5846.986784177542        -3521.350449428397        0.02413693609385807       
0.1060797830832598        -5312.14017253789         -4297.092009103019        0.04654639778757342       
0.1075014625785116        -4676.444586522918        -4993.026754801819        0.06778895694635935       
0.1089256884297356        -3951.544843052422        -5596.18279240716         0.0872355023104564        
0.1103528832318261        -3150.735774069694        -6095.23538273209         0.1043207765443679        
0.1117834149954433        -2288.742088505365        -6480.714502688378        0.1185818982984136        
0.1132175915627158        -1381.469944689603        -6745.187090507116        0.1296872486724825        
0.1146556585335929        -445.7324155115035        -6883.408379316195        0.1374518580190134        
0.1160977836552775        501.0364849843645         -6892.437657010734        0.1418373050331556        
0.1175440644074115        1441.099360664844         -6771.719490866414        0.1429366011860599        
0.1189945187288686        2356.734253856935         -6523.122109183127        0.1409461489983365        
0.1204490852214803        3230.566601483665         -6150.933446116324        0.1361289995302874        
0.121907623444713         4045.902389331612         -5661.811303333097        0.1287745401975571        
0.1233699191943742        4787.058497559236         -5064.684874321651        0.1191601902571214        
0.12483568342941          5439.676871850446         -4370.611473644051        0.1075204022001082        
0.1263045632076683        5991.024801844966         -3592.582573438602        0.09402704055658428       
0.1277761436103901        6430.263145440174         -2745.289899241625        0.0787838590648203        
0.1292499605151534        6748.684033364616         -1844.846261263425        0.06183559586605356       
0.130725505103328         6939.904201262382         -908.476074997989         0.04319054179368523       
0.1322022351487249        7000.013447244441         45.82617950560994         0.02285331231217913       
0.1336795839924889        6927.670712991646         999.6571230853958         0.000863370361867629      
0.1351569726102753        6724.145120821378         1934.580288263973         -0.02266616147581791      
0.1366338197949517        6393.299692869718         2832.504403121688         -0.04751490392328616      
0.1381095514079789        5941.518363466633         3676.055753349726         -0.07333189276563502      
0.1395836108349613        5377.577147898275         4448.93697274289          -0.09962643731412434      
0.1410554747053538        4712.459540385712         5136.264932282012         -0.1257754372018676       
0.1425246607832378        3959.12535294126          5724.871942909414         -0.1510470830306044       
0.143990737702552         3132.236572931343         6203.568858684627         -0.1746391747317185       
0.1454533354335581        2247.847039239782         6563.362611234721         -0.1957281935030088       
0.1469121525042283        1323.066321805602         6797.622059267392         -0.2135237640383502       
0.1483669629051292        375.7052993006055         6902.190385981653         -0.2273224812818716       
0.1498176204586343        -576.0861976473743        6875.44232879333          -0.2365550268177875       
0.1512640618529986        -1514.18139037637         6718.287159765176         -0.2408214094151897       
0.1527063039466157        -2420.827160653563        6434.12038299981          -0.2399107408282671       
0.1541444466056419        -3278.983152958882        6028.726327756775         -0.2338040933023746       
0.1555786649732909        -4072.632797960219        5510.138300786309         -0.2226612381270135       
0.1570092087531521        -4787.071978070168        4888.458121026002         -0.2067942557954028       
0.1584363944821234        -5409.162626401069        4175.643652939196         -0.1866327292887515       
0.1598605967119511        -5927.552487603437        3385.269345264322         -0.1626861641598072       
0.1612822452443652        -6332.861136528385        2532.260593530666         -0.1355091275467374       
0.1627018106119067        -6617.824277145829        1632.616955533952         -0.1056741491635739       
0.1641198019569856        -6777.403908736354        703.1157969372395         -0.07375506134869404      
0.1655367555831617        -6808.857022504837        -238.9863669786551        -0.04032211007547883      
0.1669532270934724        -6711.767268706578        -1176.257674630926        -0.005947297595652238     
0.16836977809362          -6488.039868374436        -2091.390118334991        0.02878313143557098       
0.1697869692325185        -6141.86063697077         -2967.498265863507        0.0632539782590006        
0.1712053479495808        -5679.620675919348        -3788.406381229239        0.09680900434448868       
0.1726254409986723        -5109.806551075819        -4538.927123762339        0.1287464080546082        
0.1740477433922933        -4442.859044887648        -5205.123316825429        0.1583250704607177        
0.1754727111074317        -3690.999661018781        -5774.553803927813        0.1847832636610218        
0.1769007502916793        -2868.02942987222         -6236.496466499019        0.2073690173846129        
0.1783322137016512        -1989.096356947408        -6582.149314931885        0.2253796063279133        
0.1797673905784904        -1070.441162284461        -6804.800798991701        0.2382055090030126        
0.1812065040430753        -129.1161381449247        -6899.970451625833        0.2453736805231829        
0.1826497060028487        817.3137044495054         -6865.512984388429        0.2465844278557009        
0.1840970728189859        1751.084885031674         -6701.6841439937          0.2417370770838693        
0.1855486051317712        2654.562680370702         -6411.164745866465        0.230940888614939         
0.1870042233422282        3510.570475830037         -5999.041407415423        0.2145095757777697        
0.1884637718103477        4302.723470785648         -5472.740144370068        0.1929397443892924        
0.189927016490401         5015.750789038452         -4841.915028990642        0.1668757458690599        
0.1913936524251767        5635.808389038247         -4118.287232030601        0.1370647835224581        
0.1928633083916793        6150.767725804818         -3315.439256012035        0.1043075566020047        
0.1943355520161276        6550.475360506825         -2448.566807926255        0.06941002323842091       
0.1958099015828338        6826.977890346163         -1534.188391128612        0.03314143948962642       
0.1972858356348297        6974.701833674968         -589.8227482018006        -0.003796747725514753     
0.1987627995986259        6990.584642617739         366.3577057636566         -0.04078820114229864      
0.2002402194848401        6874.15358732051          1315.896319329778         -0.07730437660733451      
0.2017175104338094        6627.547995515634         2240.428261936985         -0.1128931749616986       
0.2031940939341439        6255.482648840276         3122.062654397805         -0.1471566275369806       
0.2046694047930941        5765.154683808993         3943.749204697534         -0.1797213793907513       
0.2061429017230694        5166.095609048837         4689.629380053257         -0.2102075169162193       
0.2076140756471432        4469.972753805936         5345.360114107018         -0.2382010943286205       
0.2090824640654319        3690.341235970295         5898.405884206445         -0.2632355724506384       
0.2105476563738193        2842.359440077709         6338.284943433199         -0.2847857873247985       
0.2120093023004301        1942.470674352287         6656.770544619399         -0.3022769206714589       
0.2134671184103354        1008.061186186564         6848.04053349612          -0.3151085046632892       
0.2149208967493905        57.10077976640977         6908.773271825592         -0.3226914488438876       
0.2163705043567461        -892.2177279201291        6838.187957679866         -0.3244939876251116       
0.2178158937858825        -1821.844412758684        6638.031304776024         -0.3200911759455592       
0.2192570977058494        -2714.217667690403        6312.512418616237         -0.3092116095583952       
0.2206942269513092        -3552.594877434925        5868.191481141453         -0.2917754816854736       
0.2221274765288399        -4321.364008901553        5313.821808795729         -0.2679187345130035       
0.2235571113087644        -5006.314425821109        4660.159840578801         -0.2380004594301975       
0.2249834659232874        -5594.883673678557        3919.739096463014         -0.2025922643481789       
0.2264069336015382        -6076.363306140773        3106.6220372634           -0.1624514434021664       
0.2278279607235163        -6442.070663267644        2236.128687839295         -0.1184813350387719       
0.2292470345855691        -6685.480554622406        1324.553622278842         -0.07168443604999307      
0.2306646727556654        -6802.320635732659        388.8718882204823         -0.02311406998731088      
0.2320814231970871        -6790.629077629133        -553.5684698693532        0.02616998252330776       
0.2334978419821709        -6650.772799046427        -1485.340810560185        0.07513609253406525       
0.2349144934232754        -6385.430690164445        -2389.246819691335        0.1228043740110312        
0.2363319323994801        -5999.541648174445        -3248.605977965344        0.1682573309946428        
0.2377507034143491        -5500.215549256611        -4047.546415197501        0.21064039545327          
0.239171326480573         -4896.613041885901        -4771.274420489752        0.2491548319056592        
0.2405942854784371        -4199.794415117226        -5406.330386043116        0.2830482242734587        
0.2420200242704595        -3422.534514799658        -5940.829447686317        0.3116075339074139        
0.2434489361257874        -2579.111528129255        -6364.676019455855        0.3341586173428354        
0.2448813557130052        -1685.068284245258        -6669.754075587295        0.3500753959945046        
0.2463175540506199        -756.9473607283342        -6850.088857444267        0.3587996658651754        
0.2477577377176203        187.9982090507767         -6901.975098652701        0.3598704317641593        
0.2492020355275599        1132.103642402087         -6824.067821913134        0.3529598087568713        
0.2506505015917355        2057.615331014022         -6617.435614402307        0.3379112300506167        
0.252103113438352         2947.019170973169         -6285.569862236243        0.3147745581180649        
0.2535597723035607        3783.372951846103         -5834.348970154754        0.2838329165392354        
0.2550203017308377        4550.634374512746         -5271.957226342309        0.2456167977570572        
0.2564844523294596        5233.982468161696         -4608.755436581346        0.2009021251912868        
0.2579519047831127        5820.120479803473         -3857.105818227038        0.1506910494913757        
0.2594222759034892        6297.555548198338         -3031.151527867088        0.09617603737609362       
0.2608951211404928        6656.845765492362         -2146.557314248307        0.0386900812450578        
0.2623699464857054        6890.812070237227         -1220.208356866296        -0.02035320656166534      
0.2638462173345033        6994.703514197436         -269.879383165436         -0.07952378503906077      
0.265323372434068         6966.31235183507          686.1233837566848         -0.1374380280241935       
0.2668008286600525        6806.034373842075         1629.330161310138         -0.1928139313490045       
0.2682779996684985        6516.872384772503         2541.491478030061         -0.244514758128232        
0.2697543024405604        6104.381993337938         3404.95194828305          -0.2915767305656786       
0.2712291750758595        5576.558330873258         4203.019099587129         -0.3332201306425035       
0.2727020831152913        4943.670628454634         4920.304113917387         -0.3688435901695067       
0.2741725302876148        4218.046120374738         5543.036095741307         -0.3980047260048248       
0.2756400691614544        3413.808948132786         6059.339029416101         -0.4203911795971201       
0.2771043147076853        2546.578954066491         6459.46520317249          -0.4357874460117063       
0.2785649392826599        1633.151525541476         6735.974424786094         -0.4440430929321228       
0.2800216865070979        691.1456647455032         6883.868356567217         -0.4450483358511359       
0.2814743701965199        -261.3521690577574        6900.667225143168         -0.4387207842568019       
0.2829228840528231        -1206.155205659901        6786.433835370188         -0.4250060037038487       
0.2843672004528344        -2125.33212977261         6543.743182073809         -0.403892100995157        
0.2858073672068713        -3001.549504032399        6177.603602701623         -0.3754364344963295       
0.2872435132812825        -3818.400787177048        5695.329358258823         -0.3398000742220407       
0.2886758439708501        -4560.703213711452        5106.372362392329         -0.2972846988489923       
0.2901046359402244        -5214.764787275856        4422.118251025782         -0.2483656444737301       
0.291530234972015         -5768.618568175693        3655.6502656008           -0.1937150358473866       
0.2929530448345758        -6212.216522866618        2821.492550387308         -0.1342107326411426       
0.2943735237677174        -6537.58874211264         1935.330670077353         -0.07092783027119973      
0.2957921696361154        -6738.960742813198        1013.725091167595         -0.005113172058151934     
0.2972095133191033        -6812.835476516449        73.81140712434376         0.06185575807845387       
0.298626108415192         -6758.036249660731        -867.0015261118754        0.1285228258683392        
0.3000425197169534        -6575.712992282388        -1791.332581934795        0.1934105358749662        
0.3014593114639865        -6269.313295766382        -2682.125708436784        0.2550765339998941        
0.3028770406999683        -5844.517516526541        -3522.943582776773        0.312163877346009         
0.3042962461222487        -5309.140239176621        -4298.247812453295        0.3634402696795239        
0.3057174377390766        -4672.999390118666        -4993.666219221889        0.4078241358793785        
0.3071410900301998        -3947.75248341937         -5596.245032325098        0.4443974115900689        
0.3085676306800451        -3146.704901047867        -6094.678712350142        0.4724067025235956        
0.3099974407159607        -2284.583801707442        -6479.520195474461        0.4912567272219801        
0.3114308389340295        -1377.294773532628        -6743.357956720522        0.5004999348710423        
0.3128680784175231        -441.6488622121477        -6880.967576983498        0.499827536259832         
0.3143093439211953        504.9316349979602         -6889.428088969523        0.4890654084345231        
0.3157547439150221        1444.720279472831         -6768.200474751911        0.4681774831904544        
0.3172043144040799        2360.013127094846         -6519.165499661617        0.4372772330038318        
0.318658008302009         3233.452771030863         -6146.619637741539        0.3966464115126319        
0.3201157059884281        4048.366703938274         -5657.222781409251        0.3467575656973159        
0.3215772100738832        4789.090003776289         -5059.902004112296        0.2882969056098131        
0.3230422512424411        5441.282197731422         -4365.706517566578        0.2221821732073589        
0.3245104925736086        5992.223128084541         -3587.617020125204        0.1495710577393969        
0.3259815326455282        6431.081626216153         -2740.312840560135        0.07185627335067123       
0.3274549188427045        6749.153393254603         -1839.893710791199        -0.009355947871080277     
0.3289301496806729        6940.054224163309         -903.5728870608974        -0.09228371584845517      
0.3304066865239292        6999.869792624319         50.663467513761           -0.1750236334139505       
0.3318839606799884        6927.253321219194         1004.41548451594          -0.255617494433461        
0.3333613902868819        6723.468169011381         1939.248280002594         -0.3321276426361022       
0.3348383866396034        6392.372944223816         2837.067975841811         -0.4027140131668433       
0.336314367079467         5940.34923206957          3680.496945808436         -0.4657074713791967       
0.3377887722417654        5376.170210265449         4453.236673992272         -0.5196730437103548       
0.3392610724986298        4710.818462708989         5140.400261351659         -0.5634571717362652       
0.3407307828820194        3957.252221138001         5728.817360046402         -0.5962162110642724       
0.3421974669763586        3130.133761059601         6207.29441942382          -0.6174239402591702       
0.3436607513431227        2245.517258236751         6566.833938092226         -0.6268594029037996       
0.3451203305376112        1320.513966846981         6800.799353547018         -0.6245774970192788       
0.3465759712562431        372.9399658566471         6905.027560606604         -0.6108674805703629       
0.3480275155488926        -579.0450326128635        6877.887723726449         -0.5862054596839752       
0.3494748838274973        -1517.299816207779        6720.286394577605         -0.5512073509047154       
0.3509180751134409        -2424.054929053901        6435.62062141945          -0.5065884324655873       
0.3523571658042783        -3282.250423841973        6029.682580789998         -0.4531342716063965       
0.3537923054027488        -4075.850960835498        5510.520515764448         -0.3916858517263973       
0.3552237173862522        -4790.137369519912        4888.257835392717         -0.323138867082463        
0.3566516923201561        -5411.962476774706        4174.879532140006         -0.2484555194200151       
0.3580765830156452        -5929.973802111264        3383.989033146685         -0.168684172300905        
0.3594988050499524        -6334.800191455411        2530.537927021416         -0.08498083832468535      
0.3609188175505551        -6619.193181484284        1630.549374193106         0.001372268786607128      
0.3623371218964166        -6778.136423460654        700.8196287547047         0.08895897558866941       
0.3637542553915409        -6808.912725423145        -241.3854308142654        0.1762352444522085        
0.3651707747667388        -6711.13250854056         -1178.629165857766        0.2615508558351021        
0.3665872461533581        -6486.727590757918        -2093.605633622865        0.3431874214209684        
0.3680042377818609        -6139.908341133911        -2969.437740090184        0.4194097544135289        
0.3694223077582137        -5677.08663169404         -3789.963567571904        0.4885254550975062        
0.3708419878785207        -5106.768375190883        -4540.009311079936        0.5489470373601785        
0.3722637841710821        -4439.408203220757        -5205.657129815335        0.5992513999133369        
0.3736881617514882        -3687.238228001568        -5774.485717548354        0.6382295739815071        
0.3751155366953753        -2864.065803049242        -6235.794062832981        0.6649239148972319        
0.3765462724913959        -1985.040834853943        -6580.801650228243        0.6786503313330616        
0.377980670582474         -1066.401138020849        -6802.817927180725        0.6790053980988942        
0.3794189656728122        -125.1928636921309        -6897.381695929134        0.6658606541721405        
0.3808613225082809        821.0290863227456         -6862.364851756672        0.6393474040807219        
0.3823078309978882        1754.514437498992         -6698.037347800696        0.5998363821695841        
0.3837585030560149        2657.642231537871         -6407.09131269305         0.5479166456293995        
0.3852132745705603        3513.253585908181         -5994.620388465529        0.4843771443831444        
0.386672002296109         4304.980058684946         -5468.054413708073        0.4101937241045058        
0.3881344694600557        5017.569366452722         -4837.045518375842        0.3265218560870405        
0.3896003858208132        5637.193053048315         -4113.309619181704        0.2346948241955799        
0.3910693969919521        6151.736477934295         -3310.419168767791        0.1362242208542693        
0.3925410843949066        6551.055490529338         -2443.558283174432        0.03280034665699677       
0.3940149815280165        6827.202364001046         -1529.230856857735        -0.07371322376626668      
0.39549057712793          6974.603951798194         -584.9429671958922        -0.1812929458352441       
0.3969673239225813        6990.194258298133         371.1436893148891         -0.2877810023484728       
0.398444653765182         6873.494066324127         1320.581274372748         -0.3909255418473235       
0.3999219849829387        6626.633890942164         2245.010321763028         -0.4884347483312159       
0.4013987324142363        6254.320661573566         3126.537166785668         -0.5780440109525482       
0.4028743216040311        5763.74608477856          3948.105808626741         -0.6575928424964071       
0.4043482009037689        5164.438938931927         4693.8506827881           -0.7251060727439278       
0.4058198492239171        4468.067101608583         5349.420814940081         -0.7788731827350507       
0.407288790185703         3688.189967623795         5902.272858000032         -0.817519723434519        
0.4087546004629985        2839.97224397096          6341.919396347031         -0.8400639448031961       
0.4102169222460361        1939.862301142467         6660.131023535035         -0.8459538190522038       
0.4116754620299616        1005.254116679766         6851.083455390356         -0.8350809224145528       
0.4131300047120021        54.1242778825115          6911.454821091323         -0.8077703909867454       
0.4145804125073482        -895.3285896043817        6840.464918119052         -0.7647481527279841       
0.4160266298204078        -1825.046092496668        6639.861973269405         -0.7070893848273923       
0.4174686785117956        -2717.456254873059        6313.858864335865         -0.6361543162278682       
0.4189066643848491        -3555.809648556008        5869.019940424998         -0.5535176588018863       
0.4203407639797661        -4324.480093240993        5314.108930000541         -0.4609004252565861       
0.4217712241370464        -5009.245552693383        4659.896966903235         -0.3601093084472238       
0.4231983576210041        -5597.534188080019        3918.938121890737         -0.2529892845185593       
0.4246225352871988        -6078.633583065962        3105.319469372161         -0.1413922812314647       
0.4260441825426824        -6443.864217979152        2234.387359634854         -0.02716139639794524      
0.427463767460722         -6686.711572360989        1322.462388267915         0.08787090041399331       
0.4288817933775135        -6802.921523582235        386.5413363102345         0.2018762286998237        
0.4302987943883636        -6790.556371747323        -556.0091110451569        0.3130213007649691        
0.4317153239971958        -6650.011328154084        -1487.755427036547        0.4194618873150522        
0.4331319452176103        -6383.994705286961        -2391.498211489564        0.519345925278049         
0.4345492214379192        -5997.472257832441        -3250.567005855839        0.6108295411751028        
0.4359677028332953        -5497.57862712158         -4049.102432896106        0.6921072350325989        
0.4373879195518384        -4893.494485898668        -4772.329505096569        0.7614560696421421        
0.4388103706478432        -4196.293220014899        -5406.812027364923        0.8172898870245802        
0.4402355118581909        -3418.759119200356        -5940.68785301292         0.858218933919074         
0.4416637498179625        -2575.174300197751        -6363.884944013979        0.8831092119787681        
0.4430954341951292        -1681.079846659905        -6668.31029551484         0.8911351039733681        
0.4445308506801666        -753.0124862384799        -6848.009994743019        0.8818202674256468        
0.4459702153981198        191.7808147739876         -6899.296948531946        0.8550631058234136        
0.4474136734461354        1135.648722143942         -6820.842281379222        0.8111449339591189        
0.4488612926070346        2060.851697813783         -6613.726917120328        0.7507213188168622        
0.4503130647681246        2949.891634531295         -6281.450771924703        0.6747985022151735        
0.4517689040840196        3785.842150793611         -5829.897266570792        0.5846987180959258        
0.4532286465000652        4552.676530186083         -5267.252345171023        0.4820187249140155        
0.4546920558823331        5235.589163481626         -4603.874659389555        0.368585524656461         
0.456158825334569         5821.2967724013           -3852.121310439635        0.2464138992922291        
0.4576285810726404        6298.31700821739          -3026.129219519049        0.1176681656780535        
0.4591008896750282        6657.217028642678         -2141.55383600993         -0.0153706495904395       
0.4605752703027974        6890.824148961438         -1215.26787080033         -0.150332575864885        
0.4620512010696984        6994.389554984088         -265.0325914414631        -0.2847819625262343       
0.4635281277769536        6965.70342973826          690.8557851839523         -0.4162396419188654       
0.4650054753292352        6805.156486013184         1633.937376136387         -0.5422073670208056       
0.4664826612715842        6515.744070041543         2545.968517437343         -0.6601977951071856       
0.4679591062740656        6103.012445955555         3409.297450399238         -0.7677723348907894       
0.4694342426446383        5574.949410115319         4207.227636552313         -0.8625887520990813       
0.4709075286809821        4941.818850274958         4924.364057388056         -0.942459236214064        
0.4723784601737862        4215.944744231647         5546.928230508552         -1.005416568761408        
0.473846575274365         3411.453650402285         6063.033659393154         -1.049785043140435        
0.4753114670238574        2543.975662027573         6462.921754550704         -1.074251924834894        
0.4767727933976857        1630.315256338671         6739.147078529038         -1.077932760015167        
0.4782302794737916        688.1051239831982         6886.708457719148         -1.060424416979029        
0.4796837277099257        -264.5579533038585        6903.127672790099         -1.021840140219628        
0.4811330149241257        -1209.472960017888        6788.472223227028         -0.9628220919371109       
0.4825781029794598        -2128.699005806191        6545.325115062684         -0.8845282620342629       
0.4840190364120645        -3004.898541032797        6178.702989012103         -0.7885941290354646       
0.4854559366431204        -3821.659140547722        5695.930009755418         -0.6770718112453904       
0.4868890034304059        -4563.794536114699        5106.468433694587         -0.5523507150643406       
0.4883185067665181        -5217.609916088662        4421.715415316962         -0.41706756935314         
0.4897447844596172        -5771.136613971446        3654.767183379694         -0.2740125701730528       
0.4911682284036942        -6214.325856843956        2820.164022432974         -0.1260409987729105       
0.492589282199333         -6539.20999216478         1933.610423467037         0.02400508823313898       
0.4940084276822745        -6740.021443661238        1011.687303127367         0.1733580712770399        
0.495426178080379         -6813.275690465265        71.55135840136055         0.3193684188310382        
0.4968430701846955        -6757.814932121244        -869.3697633902003        0.4595304877024654        
0.4982596561239916        -6574.81341883521         -1793.682202506948        0.5914935630645941        
0.4996764913812513        -6267.746461343676        -2684.324230580095        0.7130628646521273        
0.5010941289074253        -5842.32314334625         -3524.860953280787        0.8221975236287622        
0.502513106999686         -5306.385698735467        -4299.763898542476        0.9170104659878775        
0.503933943946322         -4669.774182810104        -4994.680079295997        0.9957763411302459        
0.5053571253956761        -3944.162494219493        -5596.679156843374        1.056949688214914         
0.5067830950792995        -3142.864523611367        -6094.482280450238        1.099195169993815         
0.5082122447747679        -2280.613493063057        -6478.667263700648        1.121428135906025         
0.509644913723605         -1373.310079110244        -6741.8491464135          1.122862006605496         
0.5110813716091798        -437.7577557830064        -6878.826018953844        1.103057005413631         
0.5125218222710828        508.6343647372056         -6886.69600789534         1.061964847633089         
0.5139663893824036        1448.153467618908         -6764.93485678892         0.9999636128998777        
0.5154151210917917        2363.109367583159         -6515.434874071347        0.9178775781808436        
0.5168679891357897        3236.163880734901         -6142.498942155157        0.8169789454086119        
0.5183248866305803        4050.660152134545         -5652.79015237472         0.6989705032499391        
0.5197856307604525        4790.94945869195          -5055.234479205262        0.5659495872479575        
0.5212499647241202        5442.705116198065         -4360.877215021344        0.4203562469740168        
0.5227175608270045        5993.2177260779           -3582.693979747636        0.2649095473422714        
0.5241880309185944        6431.666321219311         -2735.354602757438        0.1025361081521315        
0.5256609280695557        6749.351986418974         -1834.951851829822        -0.06370238763402122      
0.5271357579076721        6939.894544432287         -898.6903445402951        -0.2306800613607814       
0.5286119885095104        6999.381380956162         55.4527182249369          -0.3952713420899405       
0.530089059520833         6926.464783588117         1009.087555593924         -0.5544069090803309       
0.5315663914298057        6722.404971389946         1943.784963564683         -0.7051205419295047       
0.5330434003772098        6391.055445605463         2841.457328838842         -0.8445882853880611       
0.5345195085865271        5938.790490704368         3684.731611853837         -0.9701609346126252       
0.5359941545139009        5374.376944448006         4457.307873603983         -1.079393324481234        
0.5374668074800866        4708.790811153574         5144.296675618447         -1.170073969384851        
0.5389369739095855        3954.988016584662         5732.520197244898         -1.24025699439137         
0.5404042093759927        3127.630244689251         6210.777345559271         -1.288299450756941        
0.5418681309602107        2242.77388598519          6570.062456085375         -1.312903899776771        
0.543328413306881         1317.541329492395         6803.729856336426         -1.313165085032246        
0.5447848040421377        369.7620200096923         6907.611610432131         -1.288618730495447        
0.5462371254143363        -582.3887926109576        6880.076549217764         -1.239287047687835        
0.5476852806059469        -1520.755440024149        6722.035582513166         -1.165715883284091        
0.5491292471015186        -2427.551807730003        6436.895569365594         -1.068998381949005        
0.5505690870159015        -3285.707703906594        6030.462094104875         -0.9507785082893982       
0.5520049389087944        -4079.181893689338        5510.798782929036         -0.8132322806747583       
0.5534370169370959        -4793.252926853428        4888.045673800068         -0.6590236736237634       
0.5548656084247341        -5414.776954426529        4174.202329792357         -0.4912362454843698       
0.5562910652224673        -5932.407444183485        3382.884755798005         -0.3132845841074764       
0.5577137973632489        -6336.779230966175        2529.05871761133          -0.1288104447319328       
0.5591342648258433        -6620.653406173606        1628.756705292875         0.05842860766955824       
0.56055296482009          -6779.023065999878        698.7859783995008         0.2446695209933451        
0.5619704261152947        -6809.182339085272        -243.5749258686101        0.4262467770315873        
0.5633871961399564        -6710.756263758388        -1180.877851353761        0.5996797681618141        
0.5648038319013722        -6485.694526696645        -2095.807849451192        0.7617416874920797        
0.5662208886569715        -6138.229410200999        -2971.479694031507        0.909507536126106         
0.5676389129221207        -5674.797988007779        -3791.728753013057        1.040383072004081         
0.5690584329058765        -5103.930472550074        -4541.388161799036        1.152117320981714         
0.5704799505219853        -4436.105581601037        -5206.551504565689        1.242804263823438         
0.5719039333234832        -3683.574843483899        -5774.816533924271        1.310879402668045         
0.5733308055787347        -2860.15836508845         -6235.506536787346        1.355116871964589         
0.5747609413374448        -1981.012719561236        -6579.867314056204        1.374631726132699         
0.5761946580532822        -1062.373891973209        -6801.23547345156         1.368889851937035         
0.5776322068668378        -121.2808304166079        -6895.174656038585        1.337726025719381         
0.5790737730203546        824.7258430233348         -6859.578117517544        1.281368167108335         
0.5805194656204549        1757.912656609265         -6694.73209237532         1.200464352766274         
0.5819693163175543        2660.677913222068         -6403.339585529408        1.096107485692528         
0.583423276701069         3515.88045548361          -5990.500726035801        0.9698522881307546        
0.5848812228869065        4307.17160639761          -5463.645924984059        0.8237189006719519        
0.5863429506389366        5019.313947011004         -4832.42566482353         0.6601805370349687        
0.5878081846094574        5638.493508759308         -4108.549759069376        0.4821306666228647        
0.5892765814678569        6152.606145045102         -3305.583320171408        0.2928310963550719        
0.59074773491011          6551.516008840264         -2438.70024760387         0.0958419239595181        
0.5922211860597599        6827.279477617594         -1524.395450193758        -0.1050637946309962       
0.5936964278480446        6974.324861959908         -580.1676836698236        -0.3059943191870134       
0.595172919522156         6989.585981715401         375.8301622146649         -0.5030389230246307       
0.5966500950744376        6872.581350630948         1325.155818988063         -0.6923649310189129       
0.5981273736833828        6625.438278023335         2249.453825985498         -0.8703078165568258       
0.5996041690486891        6252.860235518329         3130.832404572554         -1.033449679127018        
0.6010799076320836        5762.034485575185         3952.237638475081         -1.178684360234354        
0.6025540360024024        5162.485745923647         4697.80320780393          -1.30326577225481         
0.6040260289300932        4465.879137562714         5353.175136403978         -1.404841864796117        
0.6054954060346063        3685.772028282111         5905.806309619396         -1.481476852277668        
0.6069617379216652        2837.329200120038         6345.204084812366         -1.531663529201928        
0.6084246569444076        1937.002806281964         6663.132849032632         -1.554330890751696        
0.6098838615798741        1002.191168745402         6853.763288048713         -1.548850287290817        
0.6113391211438284        50.88167810780786         6913.769019884068         -1.515043547131333        
0.6127902837397414        -898.7157416181575        6842.368556303609         -1.453194226276051        
0.6142372758004058        -1828.528136155479        6641.312562644703         -1.364061919448968        
0.6156800986536837        -2720.967604741383        6314.821567470781         -1.24889791353944         
0.6171188363514375        -3559.269771920667        5869.473361702416         -1.109456990941249        
0.6185536469238286        -4327.798477854796        5314.049195116743         -0.9480022932504449       
0.619984761950036         -5012.327275283978        4659.340049398435         -0.7672962905851142       
0.6214124823891325        -5600.28570061162         3917.920348975713         -0.570573830980603        
0.6228371694342059        -6080.967784607295        3103.897113629143         -0.3614943976107793       
0.6242592449489166        -6445.706179117775        2232.632424386274         -0.1440703152165405       
0.6256791781925131        -6688.001798540533        1320.457575058148         0.07742437380071861       
0.6270974753642804        -6803.616947889504        384.3762022234142         0.2985625934474831        
0.6285146750415151        -6790.630298021049        -558.2419856471433        0.5148849714334359        
0.6299313336712657        -6649.452757605757        -1489.961968278833        0.7220224955678635        
0.6313480155768048        -6382.808036885443        -2393.584114672828        0.9158152853702364        
0.6327652810250584        -5995.678266667224        -3252.43733506746         1.092419023674123         
0.6341836769388465        -5495.215216058056        -4050.664411309177        1.248393731109401         
0.635603729311697         -4890.617383080427        -4773.495197502983        1.380770834919999         
0.6370259299910686        -4192.977621547964        -5407.500637007769        1.487096700044742         
0.638450732545607         -3415.096905998258        -5940.832189919523        1.565455535817765         
0.6398785421479261        -2571.271883249232        -6363.43521820047         1.614473719336716         
0.6413097086624475        -1677.054607822842        -6667.237893604849        1.633311471840076         
0.6427445288900344        -748.9822217044406        -6846.311267784978        1.621646926440587         
0.6441832283162512        195.7011613541744         -6896.992000223921        1.579657644097128         
0.6456259655460599        1139.353886874101         -6817.97350671922         1.508004057386584         
0.6470728275635338        2064.253372778037         -6610.354934259215        1.407816456617834         
0.6485238247150846        2952.920441457386         -6277.649222124086        1.280686346252588         
0.6499788917280966        3788.450079954621         -5825.746706768388        1.128659942117363         
0.6514378836727701        4554.835827287529         -5262.834804708153        0.9542314377560808        
0.6529005818083533        5237.29006726352          -4599.269101306751        0.7603304155131422        
0.6543666948564351        5822.544518731039         -3847.400069443142        0.5503003302492577        
0.655835864279652         6299.128753393751         -3021.354639657723        0.3278632497712419        
0.657307670568116         6657.617735065254         -2136.776320875583        0.09706827917440281       
0.6587816394894617        6890.841522098829         -1210.528877917927        -0.1377773938851201       
0.6602572558003885        6994.051803001252         -260.3643608178626        -0.3721953766884395       
0.6617339702679601        6965.036799877499         695.428920485308          -0.6016360040434732       
0.6632112100196537        6804.183494334304         1638.396441963418         -0.8215885463603978       
0.6646883929024625        6514.482642724848         2550.297574117459         -1.027696127326608        
0.6661649339257565        6101.477150144261         3413.478904575436         -1.215867203839224        
0.6676402655866696        5573.150360910728         4211.244745775442         -1.382380213992937        
0.6691138396163296        4939.764287948257         4928.196171697078         -1.523971320738209        
0.6705851438528043        4213.643182343202         5550.549985764736         -1.63790523681077         
0.6720537084765965        3408.915513129252         6066.415285588097         -1.722023358850113        
0.6735191206389572        2541.213425772213         6466.030122295704         -1.774770480691551        
0.6749810275214259        1627.347604207947         6741.944997201529         -1.795200206996832        
0.6764391452124983        684.9571655890896         6889.156627064556         -1.782963728793997        
0.6778932655870449        -267.8527484970447        6905.186119435726         -1.738285937617916        
0.6793432594568003        -1212.875108424745        6790.101776589389         -1.661934425770863        
0.6807890724303434        -2132.156007361272        6546.49005641546          -1.555187163287943        
0.6822307346919843        -3008.34655635939         6179.374599230486         -1.419801567629934        
0.6836683524306864        -3825.023711813295        5696.090204244628         -1.25798918818821         
0.6851021088477864        -4566.992030821152        5106.1137113864           -1.07239471476633         
0.6865322545163508        -5220.549555792184        4420.861675113809         -0.8660791898588992       
0.687959110349766         -5773.726381505854        3653.451688725928         -0.6425008533266695       
0.6893830534354493        -6216.478416594926        2818.445994100745         -0.4054926382385889       
0.690804513891635         -6540.84847155531         1931.570628268533         -0.1592271764034342       
0.6922239665109373        -6741.085782038736        1009.422860283907         0.09183310351214136       
0.6936419231533364        -6813.726439952561        69.16935408116206         0.3430046811425303        
0.6950589240877889        -6757.634539672006        -871.7589413728475        0.5894708970150532        
0.6964755266926659        -6574.005628248153        -1795.969622764173        0.8263870339710602        
0.6978922949856496        -6266.334214775644        -2686.407815215249        1.048998809914886         
0.6993097921695153        -5840.345288143341        -3526.649093793013        1.252768162011014         
0.7007285669387784        -5303.893458373206        -4301.177164780004        1.433497180017888         
0.7021491414016054        -4666.830788997441        -4995.648931655548        1.587443767044254         
0.703572006590548         -3940.840523792666        -5597.14621457948         1.711422260142636         
0.7049976059424807        -3139.246900159623        -6094.401377184576        1.802881300863088         
0.7064263350657711        -2276.789504729052        -6478.006629987265        1.859958431164763         
0.7078585273702629        -1369.379356663231        -6740.590750727129        1.8815078998135           
0.7092944564501522        -433.8221263884274        -6876.969986277619        1.867105078469196         
0.7107343253846921        512.4707081533124         -6884.261168190579        1.817029656517019         
0.7121782648900989        1451.792247678058         -6761.959544137841        1.732233263325131         
0.7136263343272731        2366.464050311476         -6511.97472945073         1.61429600595856          
0.7150785188714508        3239.163527627145         -6138.623221382429        1.465377392699541         
0.7165347249792831        4053.251005185462         -5648.577809476067        1.2881660666765           
0.7179947866716248        4793.097536406504         -5050.768570940002        1.085829257371081         
0.7194584659118846        5444.396255525107         -4356.238933313985        0.861964288533143         
0.7209254549779871        5994.455558794273         -3577.95689395865         0.620550802045899         
0.7223953807151702        6432.466928476255         -2730.583056460222        0.3659014726023089        
0.7238678107787564        6749.740238119146         -1830.198381031074        0.1026081984729722        
0.7253422636567848        6939.899657135627         -893.9948792868743        -0.1645196889506446       
0.7268182159132266        6999.032576977217         60.06074255697913         -0.4305266255524658       
0.7282951109882561        6925.788508625672         1013.585811473734         -0.6903937904741613       
0.7297723744413815        6721.422889810152         1948.15810101989          -0.9391348867059632       
0.7312494216494088        6389.783695928693         2845.691907029143         -1.171900646227037        
0.7327256722455786        5937.24003204378          3688.813637007564         -1.384091289837798        
0.7342005594764487        5372.55499208264          4461.220142497403         -1.571470154642246        
0.7356735436515009        4706.703793743979         5148.016284732726         -1.730274059943236        
0.7371441248687916        3952.642157320779         5736.01975667802          -1.857313080429072        
0.738611849512381         3125.034520453023         6214.023878579769         -1.950053236696211        
0.7400763183104573        2239.9462738995           6573.016687425193         -2.006678007205508        
0.7415371964380029        1314.506660106012         6806.350541248495         -2.026124687902417        
0.7429942220405792        366.5529303647932         6909.857055129095         -2.008093594192176        
0.7444472062052228        -585.7300807003692        6881.906438327216         -1.953031325310754        
0.7458960337207827        -1524.172225969309        6723.414593579386         -1.862091776483506        
0.7473406789176806        -2430.983315006013        6437.794815801477         -1.737078071647784        
0.7487811905048147        -3289.083386256587        6030.862183328537         -1.580374604775496        
0.7502176967682317        -4082.42496095099         5510.691654449489         -1.394873315427114        
0.7516504016712133        -4796.282295500437        4887.436370548153         -1.183901726116328        
0.7530795813217992        -5417.509150209534        4173.111009837871         -0.9511569794919535       
0.7545055721020617        -5934.7581883604          3381.350505219949         -0.7006499703066903       
0.7559287708972988        -6338.668783260924        2527.139645638584         -0.4366564128732818       
0.757349623429036         -6622.010979646434        1626.53087988522          -0.1636764793094469       
0.7587686155238771        -6779.792412567586        696.3488436441685         0.1136034277556722        
0.7601862659357721        -6809.326375283114        -246.1134576610022        0.3903520178107866        
0.7616031162724539        -6710.260850463769        -1183.399288058676        0.6616421670541602        
0.7630197214493819        -6484.570346311534        -2098.191498090515        0.9225129132683624        
0.7644366424865439        -6136.510724474064        -2973.611837005446        1.168047501110127         
0.7658544340483786        -5672.53976299912         -3793.507656445772        1.393466417901341         
0.7672736378772242        -5101.202988449819        -4542.729739571237        1.594235141266042         
0.7686947712900292        -4432.988791084068        -5207.391297082047        1.766179930660398         
0.7701183146418771        -3680.154825552212        -5775.108471339218        1.905606034180442         
0.7715447058872087        -2856.522703144939        -6235.222647571934        2.009411434233766         
0.7729743318850524        -1977.247195037854        -6578.995847588622        2.075186848816462         
0.7744075151713332        -1058.564408724203        -6799.777799108587        2.101295738580911         
0.7758445162980934        -117.5085334598739        -6893.145220162974        2.086929705335684         
0.7772855208568217        828.3805542373235         -6857.003000114127        2.032135006718563         
0.7787306400641683        1761.373054999633         -6691.649609549378        1.937810512658704         
0.7801799083608785        2663.873352517789         -6399.800111694481        1.805678204601646         
0.7816332825605059        3518.74979674193          -5986.56539444779         1.638230109099313         
0.7830906432718621        4309.6645139988           -5459.385381539166        1.438656487759555         
0.7845517974710674        5021.395704998354         -4827.915373504344        1.21076090549962          
0.7860164793783042        5640.144226042122         -4103.867360170143        0.9588681751838077        
0.7874843604950001        6153.822096982162         -3300.802611552569        0.687728060428636         
0.7889550490144757        6552.306989772168         -2433.887633233905        0.4024215134687091        
0.7904280993352586        6827.665312855307         -1519.607684541454        0.1082680188011782        
0.7919030187476892        6974.331804524282         -575.4490812727394        -0.1892632626441353       
0.7933792783987883        6989.242102020624         380.447289685792          -0.4846405208239435       
0.7948563210266002        6871.912635415313         1329.649104268732         -0.7723544964578447       
0.7963335691238171        6624.46635928522          2253.806475020062         -1.047004508391025        
0.797810438383749         6251.601169408216         3135.031062949906         -1.303387938929288        
0.7992863556210068        5760.498200672735         3956.269787858957         -1.536593559949949        
0.8007607594263391        5160.679223796672         4701.651248449162         -1.742094896668088        
0.8022331207212119        4463.806244995852         5356.817845398311         -1.915848346678565        
0.8037029500956123        3683.437239241484         5909.215874800485         -2.054387343188986        
0.8051698075651075        2834.740545513653         6348.346026221191         -2.154911043838897        
0.8066333094648144        1934.177397133738         6665.966165937893         -2.215361741224211        
0.8080931424956361        999.1546913431213         6856.244160154271         -2.234485903595322        
0.809549062691076         47.67060348788787         6915.853038142885         -2.21187280219917         
0.8110009001538856        -902.0503342059858        6844.014195013689         -2.147968345402195        
0.8124485698426724        -1831.92496280622         6642.484900990677         -2.044060524167365        
0.8138920593737566        -2724.354665427124        6315.495535932484         -1.902238360701157        
0.8153314403971308        -3562.566893042128        5869.636632054324         -1.725324396273534        
0.816766860858479         -4330.920960705213        5313.703858102273         -1.516787708933959        
0.8181985433984664        -5015.189080578666        4658.503653802006         -1.280642332046999        
0.8196267803868977        -5602.802454145864        3916.626578089476         -1.021339104543832        
0.8210519287786155        -6083.061181584538        3102.193501566436         -0.7436579904800992       
0.8224743999089696        -6447.304527089654        2230.583409649587         -0.4526082391187158       
0.8238946559940814        -6689.044494020663        1318.141779799825         -0.1533386698515902       
0.8253131968376692        -6804.057409010527        381.8844894356381         0.148936502760587         
0.8267305513800238        -6790.438760599483        -560.8064000765976        0.4489996858625372        
0.8281472663511522        -6648.619990299996        -1492.486170186021        0.7416811928934921        
0.8295639000825759        -6381.348005682393        -2395.95153543357         1.021906192089948         
0.830981009741663         -5993.629111333564        -3254.533715601896        1.284740450874476         
0.8323991440520331        -5492.63782736879         -4052.384960634378        1.525442859204573         
0.8338188351553981        -4887.591956930738        -4774.750618911437        1.739527566922849         
0.8352405832265504        -4189.599531952315        -5408.220979332791        1.922837321596535         
0.8366648562478076        -3411.469446501388        -5940.971014083418        2.071631130555081         
0.838092079055059         -2567.49802083908         -6362.970683094084        2.182679178161833         
0.8395226209322573        -1673.231781325911        -6666.169862485445        2.253362122725629         
0.8409567949311167        -745.2000543793806        -6844.657286061245        2.281768538079528         
0.8423948471390759        199.3669271642531         -6894.783776238896        2.266781147854199         
0.843836949316028         1142.838630804924         -6815.251937488208        2.208145867977546         
0.845283197468234         2067.502012356373         -6607.167381934111        2.106516497120694         
0.8467336104404239        2955.887670764652         -6274.047323897583        1.96347003763792          
0.8481881248371792        3791.096716062724         -5821.786391358968        1.781491037223293         
0.8496465985372197        4557.130084751189         -5258.575550759981        1.563923903782861         
0.8511088152663433        5239.207967140881         -4594.773275071841        1.314895751089059         
0.8525744877515535        5824.071021710657         -3842.731182002639        1.039214867005279         
0.8540432616282487        6300.25781437988          -3016.575897321955        0.7422506348376499        
0.8555147218212369        6658.352120622354         -2131.949054160934        0.4298010979689275        
0.8569884011740214        6891.192560699052         -1205.709404479054        0.1079546784824566        
0.8584637956337247        6994.037704996346         -255.5997560828066        -0.2170489244721468       
0.8599403622902173        6964.679315601777         700.0987931711252         -0.5389484300218391       
0.8614175393267942        6803.504925977065         1642.942317086365         -0.8515864483315899       
0.8628947495017201        6513.503151892217         2554.696381524513         -1.149020544849789        
0.8643714136669587        6100.212348634254         3417.713246030151         -1.425625356622933        
0.8658469625552243        5571.611967064482         4215.29700337224          -1.676183900722997        
0.8673208480649919        4937.959315450366         4932.048276923889         -1.89596984882143         
0.8687925522826845        4211.576723059509         5554.179216857707         -2.080822304888005        
0.8702615992951905        3406.592246002039         6069.793585566438         -2.227215264915865        
0.8717275632516248        2538.643271897118         6469.122047659242         -2.332321353729334        
0.8731900802631571        1624.546866218321         6744.709978015454         -2.394070041602059        
0.8746488527867768        681.9518919080152         6891.550481269173         -2.411197552641558        
0.8761036573450838        -271.0242092722678        6907.163953925824         -2.383286441792259        
0.8775543484116497        -1216.160762748613        6791.621838680026         -2.310790543402933        
0.8790008564719756        -2135.491222981293        6547.517714681393         -2.195041948487155        
0.8804431974785984        -3011.655732609372        6179.885899164684         -2.038235122632944        
0.8818814625556115        -3828.221768947218        5696.075587479355         -1.843387740944337        
0.8833158199158788        -4569.987489430167        5105.581358196702         -1.614275327073707        
0.8847465107683092        -5223.25096773916         4419.837433663278         -1.355342068269533        
0.8861738450577832        -5776.045146674666        3651.980712747699         -1.071590938773269        
0.8875981916717137        -6218.333877754356        2816.591497839602         -0.7684597708520907       
0.8890199792513158        -6542.173005564579        1929.408724743334         -0.4516869528183446       
0.890439678569237         -6741.826157793739        1007.04197556728          -0.1271804384015738       
0.8918578009433986        -6813.846142654519        66.66562690777907         0.1991099092977782        
0.8932748824663577        -6757.114905122252        -874.2819624127234        0.5213041955295166        
0.8946914786283742        -6572.847277782394        -1798.405437409504        0.8336902357566452        
0.896108152672241         -6264.557438655039        -2688.650818922444        1.130802013528132         
0.8975254628894618        -5837.99141291567         -3528.595393859781        1.407481455763821         
0.8989439546276117        -5301.025101694635        -4302.729493675156        1.658928224989321         
0.9003641536000941        -4663.5283617205          -4996.724115122137        1.880741530119583         
0.9017865505447844        -3937.201887639111        -5597.676420769368        2.068958012666479         
0.903211597342306         -3135.380334929914        -6094.340675891269        2.220094287753185         
0.9046396980229474        -2272.809696182595        -6477.332144935717        2.331194856574819         
0.9060712052269082        -1365.396337766208        -6739.304966327219        2.399888387133581         
0.9075064080025186        -429.9388901063483        -6875.097088322026        2.424450518617746         
0.9089455339671986        516.1680339008236         -6881.843885267513        2.403871301809639         
0.9103887340279471        1455.234438178057         -6759.053061685689        2.33792102569898          
0.9118360907486931        2369.602125581542         -6508.640482200365        2.227208025178419         
0.9132876043149736        3241.963614700026         -6134.924514743269        2.073222087501881         
0.9147431992605561        4055.695240917965         -5644.574543098206        1.878355180364024         
0.9162027188467619        4795.177263195312         -5046.516264826057        1.645895862615874         
0.9176659299300809        5446.108467493526         -4351.788879452885        1.379991818599971         
0.9191325260144367        5995.80047403055          -3573.357388618301        1.085580346801641         
0.9206021348545619        6433.447522596545         -2725.879563665964        0.7682871595622487        
0.9220743241785385        6750.361684234163         -1825.434045286879        0.4342984211234201        
0.9235486090910854        6940.168817559358         -889.2128200261126        0.09021122527718581       
0.9250244640061283        6998.958972382728         64.81808608884863         -0.2571310402318371       
0.926501337060472         6925.384171330187         1018.281321332971         -0.6008099850658462       
0.9279786513288855        6720.701623922887         1952.755498280623         -0.9339983777657688       
0.9294558240544575        6388.760283703736         2850.158574477457         -1.250121350255358        
0.9309322767039703        5935.928977951955         3693.120312060284         -1.543000295286186        
0.9324074480064155        5370.967702785511         4465.342007845806         -1.806978064252614        
0.9338807965323213        4704.849922446001         5151.927683018539         -2.037020976514497        
0.9353518177595106        3950.53121262317          5739.692166391344         -2.228802131333103        
0.9368200545541185        3122.675996074529         6217.425865729966         -2.378762930832434        
0.9382850996698835        2237.353093292824         6576.112176465836         -2.484156239377498        
0.9397466096743301        1311.697015184563         6809.099347013126         -2.54307636114613         
0.9412043056254333        363.5572380205574         6912.215616133357         -2.554476339086631        
0.9426579866812972        -588.8712552129126        6883.831686652538         -2.518176505780697        
0.9441075278627977        -1527.409060621374        6724.866162871556         -2.434864352362114        
0.9455528825819783        -2434.249659454476        6438.739644528097         -2.306086623180731        
0.946994085348706         -3292.302334431081        6031.278142917516         -2.134231315799506        
0.9484312466192932        -4085.50893936732         5510.572307458851         -1.922497990380533        
0.9498645589264925        -4799.139764076357        4886.79198531223          -1.674851030906232        
0.9512942818546435        -5420.045724601279        4171.972948500133         -1.395957643902442        
0.952720743152895         -5936.88451626344         3379.768890389465         -1.091103525888621        
0.9541443283669651        -6340.303540608403        2525.184810487012         -0.766090118750282        
0.9555654752730334        -6623.08631976156         1624.290612298476         -0.4271125108887449       
0.9569846668455284        -6780.25833003461         693.9230769747697         -0.08062299665321863      
0.9584024195755774        -6809.152875888545        -248.6160186571058        0.2668129643594557        
0.9598192774319614        -6709.439150323146        -1185.867623738567        0.608663889440335         
0.9612357969235745        -6483.112746070484        -2100.515284381316        0.9385716747274284        
0.9626525436578959        -6134.449333445529        -2975.686764215209        1.250481432015823         
0.9640700772797572        -5669.924541500067        -3795.238603042192        1.538750905599535         
0.9654889417652157        -5098.100731879221        -4544.031891435066        1.798240555259597         
0.966909656090138         -4429.481718962459        -5208.192662438789        2.024382335451066         
0.9683327059756266        -3676.336606281262        -5775.353978318364        2.213228931844342         
0.9697585323592648        -2852.496897523391        -6234.874939999574        2.361486573414735         
0.9711875245993724        -1973.124873982925        -6578.037132456574        2.466537554372487         
0.9726200170189259        -1054.45508223374         -6798.212854413213        2.526456788634822         
0.9740562758670421        -113.5202811475895        -6890.999746540661        2.540026422238314         
0.9754965057836671        832.1533746461723         -6854.322995033744        2.506752898372676         
0.9769408354404732        1764.85190120722          -6688.49678094801         2.426886373045025         
0.9783893213570991        2667.000457033946         -6396.246173656386        2.301442429638144         
0.9798419413164083        3521.488034071676         -5982.686099353459        2.132223073543368         
0.981298600701848         4311.998583349296         -5455.253074938542        1.921831037185317         
0.9827591251305421        5023.326172848697         -4823.595126717759        1.673674321813361         
0.9842232679984591        5641.68439371229          -4099.41224342593         1.391951858908929         
0.9856907123430574        6154.990753394798         -3296.254261481821        1.081617312355478         
0.9871610715563293        6553.123264939993         -2429.27869343485         0.7483170418373164        
0.9886339040385792        6828.146234722882         -1514.96268886161         0.3982966006798839        
0.9901087126236234        6974.489613738371         -570.7906192090409        0.03828249120134708       
0.9915849664466805        6989.084787997563         385.0987754616846         -0.3246665477677306       
0.9930620959821681        6871.444963157232         1334.267534496405         -0.6833218128080166       
0.9945395161885244        6623.692281747315         2258.362540470273         -1.030466726937248        
0.9960166404598567        6250.523957255553         3139.495124215096         -1.35908106414265         
0.9974928837400512        5759.12391824621          3960.606103708846         -1.662518222258492        
0.9989676834338752        5159.014794519457         4705.824391133066         -1.934673487934474        
0.999999999996362         4679.887578167922         5175.038230716425         -2.103807172155657        
Sat.ElapsedDays           Sat.X                     Sat.Y                     Sat.Z                     
0.999999999996362         4679.887578167922         5175.038230716425         -2.103807172155657        
